est_dist(m)	true_dist(m)	squared_error(m^2)
1.040	1.600	0.55969
1.041	1.600	0.55900
1.024	1.600	0.57580
1.021	1.600	0.57935
1.183	1.600	0.41697
1.230	1.600	0.36976
1.310	1.600	0.29026
1.298	1.600	0.30222
1.296	1.600	0.30441
1.258	1.600	0.34181
1.254	1.600	0.34616
1.220	1.600	0.38020
1.233	1.600	0.36705
1.194	1.600	0.40647
1.221	1.600	0.37909
1.277	1.600	0.32282
1.275	1.600	0.32491
1.262	1.600	0.33764
1.294	1.600	0.30649
1.288	1.600	0.31232
1.324	1.600	0.27592
1.318	1.600	0.28175
1.293	1.600	0.30720
1.353	1.600	0.24732
1.373	1.600	0.22665
1.448	1.600	0.15166
1.438	1.600	0.16189
1.430	1.600	0.17010
1.456	1.600	0.14425
1.532	1.600	0.06824
1.540	1.600	0.05983
1.507	1.600	0.09291
1.531	1.600	0.06898
1.526	1.600	0.07435
1.555	1.600	0.04478
1.561	1.600	0.03892
1.564	1.600	0.03621
1.552	1.600	0.04834
1.600	1.600	0.00006
1.619	1.600	0.01922
1.603	1.600	0.00339
1.631	1.600	0.03067
1.630	1.600	0.02966
1.637	1.600	0.03660
1.642	1.600	0.04248
1.674	1.600	0.07432
1.667	1.600	0.06717
1.709	1.600	0.10931
1.706	1.600	0.10648
1.700	1.600	0.10016
1.704	1.600	0.10363
1.712	1.600	0.11162
1.715	1.600	0.11471
1.703	1.600	0.10336
1.704	1.600	0.10361
1.688	1.600	0.08793
1.698	1.600	0.09812
1.745	1.600	0.14538
1.750	1.600	0.14950
1.751	1.600	0.15071
1.747	1.600	0.14744
1.756	1.600	0.15613
1.654	1.600	0.05417
1.613	1.600	0.01329
1.629	1.600	0.02923
1.645	1.600	0.04492
1.590	1.600	0.01045
1.562	1.600	0.03824
1.548	1.600	0.05232
1.537	1.600	0.06313
1.658	1.600	0.05843
1.677	1.600	0.07660
1.647	1.600	0.04675
1.680	1.600	0.07982
1.662	1.600	0.06212
1.697	1.600	0.09739
1.694	1.600	0.09417
1.765	1.600	0.16480
1.683	1.600	0.08341
1.694	1.600	0.09413
1.657	1.600	0.05711
1.667	1.600	0.06667
1.655	1.600	0.05454
1.649	1.600	0.04936
1.682	1.600	0.08203
1.698	1.600	0.09789
1.664	1.600	0.06381
1.672	1.600	0.07170
1.664	1.600	0.06433
1.677	1.600	0.07667
1.678	1.600	0.07785
1.665	1.600	0.06512
1.661	1.600	0.06114
1.674	1.600	0.07365
1.687	1.600	0.08659
1.683	1.600	0.08349
1.669	1.600	0.06934
1.701	1.600	0.10135
1.732	1.600	0.13171
1.718	1.600	0.11830
1.722	1.600	0.12162
1.695	1.600	0.09468
1.714	1.600	0.11375
1.731	1.600	0.13100
1.702	1.600	0.10205
1.705	1.600	0.10473
1.690	1.600	0.08989
1.689	1.600	0.08936
1.702	1.600	0.10166
1.700	1.600	0.10041
1.693	1.600	0.09296
1.697	1.600	0.09664
1.724	1.600	0.12410
1.695	1.600	0.09513
1.720	1.600	0.11990
1.702	1.600	0.10179
1.694	1.600	0.09402
1.690	1.600	0.09006
1.719	1.600	0.11946
1.658	1.600	0.05754
1.680	1.600	0.08014
1.710	1.600	0.11046
1.723	1.600	0.12304
1.726	1.600	0.12620
1.736	1.600	0.13569
1.730	1.600	0.12968
1.741	1.600	0.14070
1.704	1.600	0.10441
1.695	1.600	0.09547
1.715	1.600	0.11492
1.718	1.600	0.11846
1.699	1.600	0.09875
1.698	1.600	0.09826
1.708	1.600	0.10822
1.664	1.600	0.06358
1.669	1.600	0.06865
1.670	1.600	0.06995
1.658	1.600	0.05758
1.643	1.600	0.04301
1.609	1.600	0.00853
1.645	1.600	0.04454
1.633	1.600	0.03270
1.619	1.600	0.01912
1.615	1.600	0.01527
1.621	1.600	0.02067
1.650	1.600	0.04985
1.671	1.600	0.07098
1.672	1.600	0.07200
1.666	1.600	0.06646
1.680	1.600	0.07961
1.655	1.600	0.05490
1.653	1.600	0.05287
1.630	1.600	0.02959
1.681	1.600	0.08058
1.640	1.600	0.04024
1.683	1.600	0.08334
1.704	1.600	0.10439
1.709	1.600	0.10877
1.681	1.600	0.08114
1.683	1.600	0.08302
1.687	1.600	0.08671
1.700	1.600	0.10047
1.680	1.600	0.07982
1.671	1.600	0.07138
1.709	1.600	0.10860
1.720	1.600	0.11993
1.696	1.600	0.09642
1.640	1.600	0.03966
1.669	1.600	0.06938
1.679	1.600	0.07946
1.680	1.600	0.08048
1.714	1.600	0.11363
1.713	1.600	0.11329
1.701	1.600	0.10103
1.686	1.600	0.08647
1.737	1.600	0.13733
1.703	1.600	0.10263
1.665	1.600	0.06455
1.665	1.600	0.06484
1.699	1.600	0.09871
1.676	1.600	0.07623
1.607	1.600	0.00706
1.597	1.600	0.00275
1.640	1.600	0.04017
1.643	1.600	0.04325
1.643	1.600	0.04289
1.659	1.600	0.05901
1.671	1.600	0.07074
1.682	1.600	0.08193
1.647	1.600	0.04733
1.624	1.600	0.02362
1.577	1.600	0.02272
1.595	1.600	0.00527
1.595	1.600	0.00532
1.609	1.600	0.00949
1.612	1.600	0.01246
1.613	1.600	0.01266
1.612	1.600	0.01155
1.600	1.600	0.00007
1.585	1.600	0.01533
1.545	1.600	0.05548
1.538	1.600	0.06181
1.536	1.600	0.06434
1.533	1.600	0.06686
1.522	1.600	0.07838
1.538	1.600	0.06238
1.522	1.600	0.07758
1.543	1.600	0.05662
1.525	1.600	0.07500
1.547	1.600	0.05304
1.543	1.600	0.05664
1.556	1.600	0.04433
1.564	1.600	0.03581
1.553	1.600	0.04744
1.561	1.600	0.03912
1.576	1.600	0.02399
1.570	1.600	0.03050
1.577	1.600	0.02285
1.542	1.600	0.05841
1.544	1.600	0.05611
1.564	1.600	0.03564
1.535	1.600	0.06497
1.583	1.600	0.01716
1.537	1.600	0.06336
1.519	1.600	0.08144
1.533	1.600	0.06683
1.547	1.600	0.05316
1.544	1.600	0.05628
1.548	1.600	0.05184
1.557	1.600	0.04350
1.547	1.600	0.05252
1.546	1.600	0.05413
1.573	1.600	0.02743
1.588	1.600	0.01242
1.584	1.600	0.01647
1.554	1.600	0.04619
1.539	1.600	0.06125
1.547	1.600	0.05269
1.549	1.600	0.05065
1.549	1.600	0.05075
1.568	1.600	0.03241
1.548	1.600	0.05227
1.571	1.600	0.02879
1.565	1.600	0.03537
1.572	1.600	0.02787
1.592	1.600	0.00838
1.592	1.600	0.00799
1.590	1.600	0.00988
1.590	1.600	0.01012
1.572	1.600	0.02755
1.559	1.600	0.04054
1.531	1.600	0.06895
1.575	1.412	0.16329
1.545	1.412	0.13326
1.540	1.412	0.12831
1.519	1.412	0.10696
1.542	1.412	0.12972
1.558	1.412	0.14635
1.590	1.412	0.17846
1.568	1.412	0.15647
1.579	1.412	0.16692
1.586	1.412	0.17435
1.524	1.412	0.11227
1.577	1.413	0.16412
1.571	1.413	0.15816
1.558	1.413	0.14549
1.572	1.413	0.15881
1.569	1.413	0.15643
1.567	1.413	0.15436
1.606	1.413	0.19254
1.553	1.413	0.14027
1.557	1.413	0.14444
1.566	1.413	0.15267
1.579	1.413	0.16590
1.545	1.413	0.13160
1.492	1.413	0.07935
1.486	1.413	0.07284
1.498	1.413	0.08457
1.473	1.425	0.04788
1.515	1.425	0.09004
1.536	1.425	0.11103
1.513	1.425	0.08848
1.501	1.425	0.07646
1.511	1.425	0.08624
1.522	1.425	0.09706
1.506	1.425	0.08068
1.541	1.425	0.11572
1.564	1.420	0.14437
1.533	1.420	0.11320
1.522	1.420	0.10179
1.515	1.420	0.09460
1.535	1.420	0.11515
1.554	1.420	0.13433
1.532	1.420	0.11243
1.567	1.420	0.14651
1.519	1.420	0.09930
1.514	1.420	0.09369
1.526	1.420	0.10597
1.524	1.420	0.10403
1.559	1.420	0.13876
1.545	1.412	0.13304
1.507	1.412	0.09496
1.560	1.412	0.14816
1.505	1.412	0.09262
1.578	1.412	0.16620
1.525	1.412	0.11258
1.533	1.412	0.12135
1.548	1.412	0.13579
1.549	1.400	0.14900
1.570	1.400	0.17044
1.548	1.400	0.14816
1.549	1.400	0.14874
1.567	1.400	0.16680
1.550	1.400	0.15015
1.565	1.400	0.16460
1.556	1.400	0.15590
1.540	1.400	0.13975
1.552	1.400	0.15196
1.559	1.400	0.15878
1.541	1.400	0.14086
1.551	1.402	0.14864
1.551	1.402	0.14935
1.562	1.402	0.15953
1.557	1.402	0.15544
1.555	1.402	0.15331
1.547	1.402	0.14470
1.563	1.402	0.16094
1.519	1.402	0.11723
1.557	1.402	0.15457
1.542	1.402	0.13964
1.544	1.402	0.14202
1.551	1.402	0.14871
1.538	1.402	0.13572
1.522	1.411	0.11137
1.560	1.411	0.14931
1.575	1.411	0.16428
1.538	1.411	0.12726
1.571	1.411	0.16043
1.563	1.411	0.15217
1.544	1.411	0.13303
1.579	1.418	0.16138
1.613	1.418	0.19523
1.576	1.418	0.15801
1.569	1.418	0.15070
1.572	1.418	0.15447
1.543	1.418	0.12466
1.539	1.418	0.12146
1.574	1.418	0.15599
1.550	1.418	0.13218
1.521	1.418	0.10297
1.553	1.418	0.13527
1.569	1.418	0.15082
1.575	1.418	0.15658
1.576	1.418	0.15794
1.581	1.416	0.16548
1.579	1.416	0.16261
1.565	1.416	0.14924
1.530	1.416	0.11414
1.507	1.416	0.09146
1.536	1.416	0.11969
1.576	1.416	0.16005
1.573	1.416	0.15702
1.559	1.416	0.14268
1.562	1.416	0.14594
1.571	1.416	0.15547
1.591	1.416	0.17454
1.552	1.416	0.13573
1.545	1.416	0.12929
1.549	1.416	0.13275
1.530	1.416	0.11398
1.542	1.416	0.12570
1.519	1.416	0.10313
1.544	1.416	0.12793
1.518	1.416	0.10217
1.560	1.416	0.14371
1.511	1.416	0.09487
1.491	1.416	0.07480
1.499	1.416	0.08328
1.550	1.416	0.13415
1.534	1.416	0.11849
1.613	1.416	0.19726
1.560	1.418	0.14170
1.573	1.418	0.15469
1.606	1.418	0.18790
1.569	1.418	0.15103
1.520	1.418	0.10217
1.554	1.418	0.13648
1.514	1.418	0.09647
1.522	1.421	0.10060
1.491	1.421	0.07016
1.551	1.421	0.12988
1.535	1.421	0.11436
1.506	1.421	0.08513
1.515	1.421	0.09376
1.539	1.421	0.11827
1.558	1.421	0.13694
1.551	1.421	0.13033
1.591	1.421	0.17004
1.556	1.421	0.13549
1.548	1.421	0.12716
1.585	1.420	0.16514
1.564	1.420	0.14405
1.582	1.420	0.16231
1.527	1.420	0.10668
1.573	1.420	0.15271
1.554	1.420	0.13408
1.592	1.420	0.17164
1.559	1.420	0.13853
1.559	1.420	0.13904
1.563	1.420	0.14324
1.519	1.420	0.09939
1.538	1.420	0.11810
1.528	1.420	0.10759
1.526	1.521	0.00486
1.544	1.521	0.02333
1.514	1.521	0.00694
1.577	1.521	0.05575
1.507	1.521	0.01415
1.537	1.521	0.01567
1.528	1.521	0.00744
1.606	1.521	0.08545
1.616	1.521	0.09502
1.648	1.521	0.12698
1.583	1.521	0.06213
1.570	1.521	0.04906
1.556	1.521	0.03474
1.504	1.521	0.01748
1.559	1.521	0.03835
1.578	1.521	0.05699
1.568	1.521	0.04654
1.583	1.521	0.06214
1.627	1.521	0.10644
1.581	1.521	0.06000
1.558	1.684	0.12584
1.586	1.684	0.09756
1.621	1.684	0.06265
1.656	1.684	0.02777
1.673	1.684	0.01111
1.672	1.684	0.01178
1.701	1.684	0.01655
1.693	1.684	0.00909
1.633	1.684	0.05093
1.607	1.684	0.07672
1.634	1.684	0.04998
1.623	1.684	0.06146
1.650	1.684	0.03402
1.615	1.684	0.06901
1.619	1.684	0.06499
1.628	1.684	0.05604
1.641	1.684	0.04340
1.646	1.684	0.03803
1.671	1.631	0.03959
1.648	1.631	0.01742
1.653	1.631	0.02200
1.674	1.631	0.04258
1.641	1.631	0.01034
1.657	1.631	0.02650
1.656	1.631	0.02520
1.619	1.631	0.01176
1.653	1.631	0.02226
1.670	1.631	0.03883
1.682	1.631	0.05098
1.691	1.631	0.06009
1.658	1.631	0.02667
1.632	1.631	0.00059
1.611	1.631	0.02007
1.643	1.631	0.01184
1.649	1.631	0.01761
1.675	1.577	0.09781
1.655	1.577	0.07839
1.661	1.577	0.08431
1.642	1.577	0.06460
1.631	1.577	0.05431
1.619	1.577	0.04156
1.628	1.577	0.05124
1.642	1.577	0.06511
1.658	1.577	0.08103
1.679	1.577	0.10190
1.688	1.577	0.11080
1.683	1.550	0.13283
1.694	1.550	0.14400
1.676	1.550	0.12555
1.697	1.550	0.14691
1.676	1.550	0.12610
1.653	1.550	0.10251
1.634	1.550	0.08390
1.647	1.550	0.09654
1.622	1.550	0.07197
1.606	1.550	0.05637
1.632	1.550	0.08151
1.636	1.455	0.18066
1.614	1.455	0.15893
1.625	1.455	0.16961
1.618	1.455	0.16252
1.595	1.455	0.14011
1.589	1.455	0.13411
1.614	1.455	0.15878
1.589	1.455	0.13426
1.592	1.455	0.13738
1.611	1.455	0.15641
1.660	1.455	0.20512
1.605	1.455	0.14958
1.575	1.455	0.11952
1.559	1.455	0.10359
1.577	1.455	0.12240
1.564	1.455	0.10942
1.566	1.455	0.11125
1.564	1.455	0.10853
1.569	1.455	0.11424
1.574	1.455	0.11914
1.555	1.537	0.01772
1.542	1.537	0.00452
1.534	1.537	0.00283
1.501	1.537	0.03605
1.564	1.537	0.02672
1.552	1.537	0.01495
1.570	1.537	0.03319
1.564	1.537	0.02737
1.566	1.558	0.00801
1.587	1.558	0.02950
1.569	1.558	0.01103
1.571	1.558	0.01263
1.587	1.534	0.05308
1.600	1.534	0.06578
1.577	1.534	0.04310
1.547	1.534	0.01296
1.536	1.534	0.00156
1.560	1.534	0.02590
1.581	1.534	0.04729
1.562	1.534	0.02827
1.558	1.534	0.02414
1.520	1.534	0.01405
1.537	1.534	0.00303
1.498	1.534	0.03604
1.735	1.203	0.53164
1.702	1.203	0.49938
1.739	1.202	0.53718
1.562	1.202	0.36042
1.541	1.202	0.33888
1.722	1.188	0.53445
1.641	1.188	0.45302
1.622	1.188	0.43410
1.541	1.188	0.35339
1.660	1.188	0.47209
1.676	1.188	0.48772
1.719	1.188	0.53098
1.665	1.182	0.48310
1.713	1.182	0.53057
1.548	1.182	0.36591
1.552	1.182	0.36987
1.592	1.185	0.40737
1.713	1.185	0.52794
1.681	1.185	0.49561
1.694	1.185	0.50927
1.682	1.185	0.49692
1.490	1.185	0.30546
1.845	1.418	0.42677
1.704	1.418	0.28642
1.691	1.418	0.27298
1.638	1.418	0.21995
1.596	1.418	0.17805
1.584	1.418	0.16585
1.569	1.418	0.15116
1.568	1.418	0.14976
1.576	1.418	0.15816
1.553	1.418	0.13477
1.564	1.418	0.14562
1.526	1.418	0.10778
1.536	1.418	0.11848
1.560	1.418	0.14172
1.582	1.418	0.16354
1.544	1.418	0.12625
1.542	1.418	0.12404
1.588	1.418	0.17012
1.598	1.418	0.17996
1.585	1.420	0.16459
1.582	1.420	0.16246
1.585	1.420	0.16497
1.596	1.420	0.17643
1.587	1.420	0.16729
1.583	1.420	0.16281
1.561	1.420	0.14144
1.581	1.420	0.16123
1.589	1.420	0.16876
1.582	1.420	0.16212
1.605	1.420	0.18497
1.614	1.420	0.19432
1.593	1.420	0.17280
1.615	1.420	0.19475
1.637	1.420	0.21726
1.612	1.420	0.19193
1.602	1.420	0.18212
1.604	1.420	0.18369
1.624	1.420	0.20376
1.624	1.420	0.20448
1.621	1.414	0.20730
1.619	1.414	0.20466
1.619	1.414	0.20492
1.611	1.414	0.19709
1.620	1.414	0.20624
1.625	1.414	0.21109
1.598	1.414	0.18444
1.558	1.414	0.14399
1.552	1.414	0.13764
1.600	1.414	0.18554
1.608	1.414	0.19379
1.578	1.414	0.16398
1.568	1.414	0.15449
1.572	1.414	0.15757
1.594	1.414	0.17969
1.566	1.414	0.15246
1.564	1.414	0.14971
1.540	1.414	0.12561
1.552	1.414	0.13762
1.567	1.414	0.15341
1.591	1.416	0.17538
1.554	1.416	0.13771
1.556	1.416	0.14015
1.575	1.416	0.15863
1.562	1.416	0.14557
1.585	1.416	0.16945
1.565	1.416	0.14886
1.580	1.416	0.16389
1.611	1.416	0.19512
1.611	1.416	0.19465
1.607	1.416	0.19142
1.603	1.416	0.18747
1.616	1.412	0.20400
1.608	1.412	0.19633
1.597	1.412	0.18460
1.622	1.412	0.21031
1.606	1.412	0.19421
1.621	1.412	0.20874
1.629	1.412	0.21705
1.633	1.412	0.22062
1.614	1.412	0.20206
1.611	1.412	0.19870
1.600	1.412	0.18759
1.595	1.412	0.18272
1.585	1.412	0.17303
1.557	1.412	0.14550
1.565	1.412	0.15274
1.582	1.412	0.16990
1.566	1.412	0.15393
1.554	1.412	0.14194
1.549	1.412	0.13677
1.536	1.412	0.12406
1.534	1.510	0.02433
1.556	1.510	0.04635
1.531	1.510	0.02084
1.542	1.510	0.03182
1.542	1.510	0.03165
1.548	1.510	0.03843
1.608	1.510	0.09785
1.567	1.510	0.05719
1.649	1.510	0.13882
1.646	1.510	0.13591
1.621	1.510	0.11068
2.097	1.510	0.58727
1.716	1.480	0.23603
1.710	1.480	0.23020
1.669	1.481	0.18801
1.702	1.481	0.22143
1.697	1.481	0.21639
1.669	1.481	0.18750
1.701	1.481	0.22006
1.587	1.481	0.10602
1.579	1.481	0.09802
1.575	1.481	0.09424
1.572	1.481	0.09067
1.597	1.481	0.11615
1.547	1.481	0.06568
1.558	1.481	0.07710
1.582	1.481	0.10110
1.574	1.481	0.09264
1.571	1.481	0.08987
1.577	1.443	0.13448
1.575	1.443	0.13200
1.555	1.443	0.11175
1.588	1.443	0.14462
1.576	1.443	0.13270
1.568	1.443	0.12488
1.578	1.443	0.13495
1.575	1.443	0.13228
1.595	1.443	0.15168
1.598	1.443	0.15455
1.610	1.443	0.16713
1.623	1.443	0.18000
1.628	1.443	0.18476
1.586	1.443	0.14271
1.561	1.443	0.11788
1.580	1.443	0.13701
1.603	1.443	0.15954
1.592	1.443	0.14919
1.609	1.443	0.16564
1.616	1.443	0.17275
1.636	1.439	0.19740
1.628	1.439	0.18910
1.632	1.439	0.19339
1.633	1.439	0.19384
1.624	1.439	0.18499
1.623	1.439	0.18396
1.620	1.439	0.18053
1.616	1.439	0.17684
1.615	1.439	0.17620
1.613	1.439	0.17450
1.604	1.439	0.16498
1.598	1.439	0.15943
1.583	1.439	0.14384
1.557	1.439	0.11816
1.555	1.439	0.11581
1.563	1.439	0.12371
1.584	1.437	0.14702
1.574	1.437	0.13724
1.677	1.437	0.24002
1.627	1.437	0.19011
1.595	1.437	0.15781
1.604	1.437	0.16693
1.620	1.437	0.18264
1.623	1.437	0.18614
1.576	1.437	0.13942
1.656	1.437	0.21867
1.647	1.437	0.21007
1.555	1.437	0.11784
1.615	1.437	0.17797
1.625	1.461	0.16415
1.636	1.461	0.17527
1.627	1.461	0.16599
1.634	1.461	0.17277
1.607	1.461	0.14579
1.612	1.461	0.15062
1.634	1.461	0.17324
1.646	1.461	0.18486
1.577	1.461	0.11637
1.633	1.461	0.17241
1.571	1.461	0.10974
1.567	1.461	0.10606
1.562	1.461	0.10107
1.570	1.461	0.10907
1.584	1.461	0.12273
1.535	1.461	0.07394
1.537	1.461	0.07611
1.562	1.461	0.10093
1.590	1.461	0.12860
1.609	1.552	0.05726
1.600	1.552	0.04768
1.644	1.552	0.09247
1.545	1.552	0.00652
1.564	1.552	0.01235
1.581	1.552	0.02928
1.576	1.552	0.02374
1.587	1.552	0.03477
1.593	1.552	0.04072
1.573	1.552	0.02059
1.591	1.552	0.03870
1.593	1.564	0.02899
1.621	1.564	0.05656
1.591	1.564	0.02739
1.567	1.564	0.00295
1.578	1.564	0.01380
1.698	1.555	0.14324
1.629	1.555	0.07412
1.575	1.555	0.02032
1.560	1.555	0.00470
1.558	1.555	0.00312
1.589	1.555	0.03402
1.550	1.555	0.00524
1.565	1.555	0.01006
1.547	1.555	0.00787
1.581	1.555	0.02606
1.577	1.476	0.10132
1.545	1.476	0.06926
1.565	1.476	0.08866
1.572	1.476	0.09576
1.499	1.476	0.02276
1.521	1.476	0.04451
1.538	1.476	0.06163
1.593	1.476	0.11695
1.590	1.476	0.11429
1.595	1.476	0.11939
1.609	1.476	0.13310
1.611	1.476	0.13513
1.645	1.476	0.16915
1.641	1.476	0.16550
1.624	1.476	0.14827
1.626	1.434	0.19159
1.643	1.434	0.20928
1.644	1.434	0.20955
1.653	1.434	0.21944
1.674	1.434	0.24012
1.631	1.434	0.19671
1.651	1.434	0.21693
1.636	1.434	0.20174
1.654	1.434	0.22025
1.625	1.434	0.19089
1.644	1.434	0.21040
1.624	1.434	0.18972
1.622	1.434	0.18850
1.624	1.434	0.18975
1.629	1.434	0.19514
1.635	1.434	0.20076
1.632	1.434	0.19848
1.625	1.419	0.20599
1.627	1.419	0.20826
1.624	1.419	0.20538
1.607	1.419	0.18830
1.600	1.419	0.18098
1.632	1.419	0.21322
1.626	1.419	0.20716
1.656	1.419	0.23721
1.631	1.419	0.21205
1.619	1.419	0.19965
1.604	1.419	0.18522
1.607	1.419	0.18769
1.612	1.419	0.19271
1.627	1.419	0.20788
1.625	1.419	0.20615
1.618	1.486	0.13218
1.618	1.486	0.13229
1.602	1.486	0.11627
1.580	1.486	0.09398
1.589	1.486	0.10322
1.630	1.486	0.14423
1.635	1.486	0.14935
1.637	1.486	0.15112
1.621	1.486	0.13539
1.618	1.486	0.13222
1.592	1.486	0.10596
1.550	1.486	0.06399
1.532	1.486	0.04637
1.567	1.486	0.08099
1.563	1.486	0.07690
1.604	1.486	0.11805
1.626	1.486	0.14035
1.592	1.486	0.10574
1.599	1.486	0.11320
1.600	1.486	0.11409
1.630	1.480	0.15034
1.633	1.480	0.15345
1.571	1.480	0.09125
1.611	1.480	0.13133
1.601	1.480	0.12138
1.555	1.480	0.07476
1.557	1.480	0.07703
1.565	1.480	0.08519
1.580	1.480	0.10042
1.564	1.480	0.08443
1.564	1.480	0.08385
1.563	1.480	0.08255
1.546	1.480	0.06582
1.554	1.480	0.07379
1.528	1.480	0.04833
1.538	1.480	0.05816
1.560	1.480	0.07992
1.549	1.480	0.06949
1.561	1.480	0.08146
1.593	1.480	0.11273
1.586	1.595	0.00871
1.543	1.595	0.05218
1.568	1.595	0.02688
1.608	1.595	0.01267
1.665	1.595	0.06990
1.664	1.595	0.06934
1.672	1.595	0.07745
1.658	1.595	0.06301
1.633	1.595	0.03838
1.631	1.595	0.03583
1.585	1.595	0.01022
1.590	1.595	0.00511
1.604	1.595	0.00852
1.628	1.595	0.03325
1.606	1.595	0.01077
1.581	1.595	0.01434
1.612	1.543	0.06881
1.591	1.543	0.04835
1.599	1.543	0.05601
1.589	1.543	0.04585
1.589	1.543	0.04595
1.598	1.543	0.05465
1.592	1.543	0.04926
1.563	1.543	0.01975
1.577	1.543	0.03378
1.605	1.543	0.06218
1.598	1.543	0.05459
1.592	1.543	0.04851
1.584	1.543	0.04109
1.579	1.543	0.03571
1.654	1.543	0.11144
1.588	1.543	0.04523
1.603	1.543	0.05957
1.623	1.543	0.07957
1.567	1.543	0.02371
1.582	1.543	0.03937
1.592	1.445	0.14697
1.540	1.445	0.09453
1.535	1.445	0.08997
1.534	1.445	0.08899
1.574	1.445	0.12879
1.635	1.445	0.19006
1.631	1.445	0.18645
1.633	1.445	0.18758
1.618	1.445	0.17266
1.635	1.445	0.18962
1.642	1.445	0.19670
1.660	1.445	0.21547
1.667	1.445	0.22187
1.672	1.445	0.22750
1.673	1.445	0.22773
1.646	1.445	0.20052
1.649	1.445	0.20430
1.630	1.445	0.18514
1.624	1.445	0.17919
1.628	1.445	0.18276
1.572	1.450	0.12229
1.640	1.450	0.19046
1.632	1.450	0.18249
1.613	1.450	0.16312
1.608	1.450	0.15764
1.611	1.462	0.14876
1.656	1.462	0.19397
1.587	1.462	0.12497
1.572	1.462	0.11008
1.539	1.462	0.07698
1.560	1.462	0.09755
1.555	1.462	0.09290
1.554	1.462	0.09246
1.567	1.462	0.10485
1.590	1.462	0.12759
1.571	1.462	0.10902
1.560	1.462	0.09829
1.530	1.462	0.06819
1.582	1.462	0.11980
1.571	1.462	0.10876
1.552	1.462	0.09041
1.580	1.462	0.11775
1.546	1.462	0.08357
1.520	1.462	0.05778
1.493	1.462	0.03125
1.523	1.232	0.29115
1.539	1.232	0.30665
1.482	1.232	0.25025
1.451	1.232	0.21862
1.473	1.232	0.24099
1.478	1.232	0.24580
1.450	1.232	0.21770
1.462	1.232	0.22991
1.480	1.232	0.24776
1.486	1.232	0.25382
1.456	1.232	0.22386
1.399	1.232	0.16718
1.444	1.232	0.21214
1.491	1.232	0.25930
1.490	1.232	0.25833
1.463	1.232	0.23128
1.464	1.232	0.23185
1.460	1.232	0.22786
1.379	1.232	0.14657
1.367	1.232	0.13527
1.318	1.463	0.14532
1.342	1.463	0.12090
1.381	1.463	0.08234
1.408	1.463	0.05469
1.450	1.463	0.01320
1.529	1.463	0.06557
1.500	1.463	0.03718
1.459	1.463	0.00447
1.459	1.463	0.00448
1.438	1.463	0.02506
1.423	1.463	0.04013
1.359	1.463	0.10411
1.375	1.463	0.08849
1.442	1.463	0.02085
1.510	1.463	0.04750
1.503	1.463	0.03996
1.618	1.463	0.15528
1.634	1.463	0.17139
1.704	1.463	0.24144
1.717	1.463	0.25444
1.753	1.620	0.13279
1.762	1.620	0.14226
1.561	1.620	0.05938
1.591	1.620	0.02868
1.696	1.620	0.07559
1.737	1.710	0.02651
1.767	1.710	0.05741
1.745	1.710	0.03495
1.764	1.710	0.05361
1.746	1.710	0.03615
1.776	1.710	0.06596
1.797	1.710	0.08735
1.812	1.600	0.21184
1.722	1.600	0.12181
1.762	1.600	0.16173
1.695	1.716	0.02106
1.671	1.716	0.04545
1.683	1.716	0.03337
1.671	1.716	0.04514
1.552	1.716	0.16447
1.526	1.716	0.18969
1.509	1.716	0.20660
1.505	1.716	0.21068
1.570	1.716	0.14573
1.548	1.716	0.16780
1.542	1.716	0.17414
1.552	1.716	0.16382
1.520	1.716	0.19554
1.548	1.716	0.16806
1.451	1.496	0.04467
1.408	1.496	0.08785
1.407	1.496	0.08903
1.505	1.496	0.00887
1.506	1.496	0.01047
1.416	1.496	0.07964
1.422	1.496	0.07362
1.399	1.496	0.09713
1.363	1.496	0.13306
1.406	1.496	0.09005
1.427	1.496	0.06943
1.258	1.496	0.23787
1.232	1.496	0.26365
1.249	1.496	0.24739
1.282	1.496	0.21432
1.304	1.496	0.19247
1.311	1.496	0.18490
1.312	1.496	0.18443
1.373	1.496	0.12347
1.364	1.496	0.13182
1.383	1.420	0.03706
1.380	1.420	0.04020
1.362	1.420	0.05760
1.384	1.420	0.03592
1.346	1.420	0.07378
1.333	1.420	0.08663
1.334	1.420	0.08641
1.351	1.420	0.06876
1.363	1.420	0.05733
1.351	1.420	0.06902
1.372	1.420	0.04830
1.384	1.420	0.03626
1.385	1.420	0.03460
1.394	1.420	0.02581
1.394	1.420	0.02620
1.386	1.420	0.03382
1.317	1.420	0.10336
1.413	1.420	0.00663
1.433	1.420	0.01336
1.454	1.420	0.03381
1.436	1.481	0.04488
1.441	1.481	0.04013
1.453	1.481	0.02759
1.500	1.481	0.01850
1.499	1.481	0.01843
1.500	1.481	0.01908
1.470	1.481	0.01109
1.482	1.481	0.00052
1.436	1.481	0.04512
1.460	1.481	0.02072
1.521	1.481	0.03956
1.516	1.481	0.03460
1.482	1.481	0.00109
1.503	1.481	0.02186
1.533	1.481	0.05216
1.567	1.481	0.08575
1.567	1.481	0.08555
1.594	1.481	0.11292
1.600	1.481	0.11946
1.590	1.481	0.10928
1.637	1.620	0.01662
1.637	1.620	0.01707
1.659	1.620	0.03929
1.645	1.620	0.02480
1.665	1.620	0.04489
1.693	1.620	0.07301
1.582	1.620	0.03805
1.739	1.620	0.11863
1.762	1.678	0.08421
1.717	1.677	0.04040
1.727	1.677	0.04982
1.708	1.677	0.03123
1.710	1.677	0.03314
1.722	1.677	0.04509
1.726	1.677	0.04891
1.720	1.677	0.04279
1.605	1.677	0.07245
1.617	1.677	0.05959
1.734	1.677	0.05739
1.724	1.680	0.04438
1.710	1.680	0.03025
1.727	1.680	0.04734
1.732	1.680	0.05228
1.724	1.709	0.01465
1.645	1.658	0.01287
1.738	1.658	0.07957
1.727	1.658	0.06910
1.703	1.662	0.04124
1.722	1.662	0.05959
1.731	1.662	0.06906
1.736	1.662	0.07421
1.752	1.662	0.09035
1.730	1.662	0.06818
1.717	1.662	0.05499
1.721	1.662	0.05882
1.732	1.662	0.06955
1.737	1.662	0.07486
1.720	1.662	0.05759
1.737	1.646	0.09138
1.734	1.646	0.08819
1.717	1.646	0.07138
1.725	1.646	0.07855
1.728	1.646	0.08188
1.716	1.646	0.07007
1.708	1.646	0.06226
1.711	1.646	0.06525
1.720	1.646	0.07411
1.697	1.646	0.05102
1.677	1.646	0.03113
1.685	1.646	0.03855
1.669	1.646	0.02317
1.707	1.646	0.06065
1.727	1.646	0.08072
1.672	1.646	0.02568
1.680	1.646	0.03372
1.696	1.646	0.04988
1.709	1.646	0.06255
1.697	1.607	0.09027
1.699	1.607	0.09200
1.696	1.607	0.08921
1.678	1.607	0.07080
1.645	1.607	0.03790
1.653	1.607	0.04644
1.631	1.607	0.02389
1.624	1.607	0.01749
1.650	1.607	0.04323
1.661	1.666	0.00482
1.652	1.666	0.01435
1.672	1.666	0.00603
1.639	1.666	0.02728
1.599	1.666	0.06713
1.605	1.666	0.06102
1.581	1.626	0.04472
1.638	1.626	0.01208
1.644	1.626	0.01787
1.659	1.626	0.03340
1.659	1.626	0.03320
1.690	1.626	0.06355
1.697	1.626	0.07086
1.701	1.626	0.07501
1.700	1.626	0.07436
1.718	1.626	0.09170
1.736	1.626	0.10954
1.702	1.626	0.07572
1.722	1.626	0.09612
1.713	1.626	0.08733
1.727	1.626	0.10143
1.618	1.626	0.00778
1.617	1.633	0.01613
1.634	1.633	0.00063
1.626	1.633	0.00663
1.621	1.633	0.01168
1.613	1.633	0.01968
1.709	1.633	0.07629
1.688	1.584	0.10439
1.708	1.584	0.12422
1.675	1.584	0.09052
1.648	1.584	0.06400
1.661	1.584	0.07693
1.589	1.584	0.00490
1.575	1.584	0.00946
1.601	1.584	0.01702
1.595	1.584	0.01104
1.602	1.584	0.01823
1.600	1.584	0.01630
1.620	1.584	0.03619
1.631	1.584	0.04668
1.664	1.584	0.08000
1.662	1.584	0.07806
1.654	1.584	0.07032
1.662	1.584	0.07814
1.644	1.584	0.06002
1.637	1.584	0.05309
1.672	1.584	0.08765
1.660	1.496	0.16395
1.670	1.496	0.17374
1.638	1.496	0.14152
1.559	1.496	0.06274
1.539	1.496	0.04333
1.561	1.496	0.06548
1.578	1.496	0.08248
1.591	1.496	0.09499
1.615	1.496	0.11905
1.625	1.496	0.12872
1.640	1.496	0.14421
1.638	1.496	0.14164
1.655	1.496	0.15893
1.637	1.496	0.14130
1.641	1.496	0.14451
1.677	1.496	0.18105
1.697	1.496	0.20095
1.692	1.496	0.19592
1.688	1.496	0.19163
1.697	1.496	0.20121
1.687	1.525	0.16236
1.707	1.525	0.18161
1.712	1.525	0.18692
1.666	1.525	0.14125
1.601	1.525	0.07595
1.652	1.525	0.12708
1.652	1.525	0.12728
1.647	1.525	0.12199
1.701	1.525	0.17558
1.824	1.525	0.29930
1.707	1.523	0.18444
1.749	1.523	0.22578
1.682	1.523	0.15889
1.668	1.523	0.14524
1.774	1.523	0.25080
1.766	1.523	0.24258
1.785	1.523	0.26231
1.752	1.523	0.22928
1.794	1.523	0.27063
1.788	1.523	0.26473
1.714	1.527	0.18691
1.742	1.527	0.21482
1.696	1.527	0.16906
1.701	1.527	0.17422
1.788	1.496	0.29212
1.713	1.496	0.21736
1.724	1.496	0.22780
1.695	1.496	0.19937
1.698	1.496	0.20223
1.708	1.496	0.21155
1.700	1.496	0.20409
1.622	1.496	0.12574
1.614	1.496	0.11783
1.656	1.496	0.16021
1.636	1.496	0.13973
1.627	1.496	0.13099
1.607	1.496	0.11052
1.609	1.496	0.11334
1.604	1.496	0.10834
1.608	1.496	0.11152
1.605	1.353	0.25169
1.635	1.353	0.28245
1.557	1.353	0.20425
1.596	1.353	0.24298
1.607	1.353	0.25446
1.592	1.353	0.23855
1.585	1.353	0.23226
1.583	1.353	0.23016
1.583	1.353	0.22959
1.592	1.353	0.23906
1.607	1.353	0.25368
1.607	1.353	0.25387
1.657	1.353	0.30372
1.598	1.353	0.24482
1.589	1.353	0.23576
1.566	1.353	0.21289
1.632	1.353	0.27875
1.634	1.353	0.28070
1.600	1.353	0.24678
1.571	1.353	0.21823
1.585	1.253	0.33171
1.565	1.253	0.31248
1.562	1.253	0.30894
1.560	1.253	0.30665
1.514	1.253	0.26094
1.524	1.253	0.27135
1.529	1.253	0.27644
1.534	1.253	0.28085
1.526	1.253	0.27344
1.526	1.253	0.27296
1.504	1.253	0.25126
1.519	1.253	0.26621
1.507	1.253	0.25378
1.501	1.253	0.24845
1.538	1.253	0.28488
1.514	1.253	0.26108
1.545	1.253	0.29171
1.584	1.253	0.33092
1.550	1.253	0.29714
1.544	1.253	0.29054
1.571	1.213	0.35801
1.572	1.213	0.35890
1.577	1.213	0.36353
1.585	1.213	0.37207
1.581	1.213	0.36844
1.552	1.213	0.33930
1.563	1.213	0.35006
1.546	1.213	0.33338
1.540	1.213	0.32726
1.537	1.213	0.32367
1.537	1.213	0.32450
1.551	1.213	0.33818
1.554	1.213	0.34150
1.554	1.213	0.34109
1.553	1.213	0.34027
1.540	1.213	0.32704
1.555	1.217	0.33840
1.595	1.217	0.37845
1.604	1.217	0.38725
1.625	1.217	0.40782
1.588	1.223	0.36486
1.593	1.223	0.37036
1.587	1.223	0.36429
1.584	1.223	0.36115
1.556	1.223	0.33318
1.519	1.223	0.29567
1.579	1.223	0.35628
1.577	1.223	0.35364
1.584	1.223	0.36149
1.584	1.223	0.36064
1.591	1.223	0.36827
1.515	1.223	0.29249
1.514	1.223	0.29116
1.502	1.223	0.27861
1.492	1.297	0.19548
1.519	1.297	0.22230
1.487	1.297	0.18953
1.527	1.297	0.23048
1.550	1.297	0.25346
1.570	1.297	0.27262
1.579	1.297	0.28209
1.578	1.297	0.28128
1.610	1.297	0.31332
1.597	1.297	0.30025
1.575	1.297	0.27756
1.569	1.297	0.27190
1.573	1.297	0.27592
1.530	1.297	0.23280
1.562	1.297	0.26451
1.520	1.297	0.22320
1.545	1.297	0.24791
1.538	1.297	0.24094
1.552	1.297	0.25509
1.564	1.297	0.26693
1.497	1.396	0.10146
1.504	1.396	0.10768
1.462	1.396	0.06647
1.494	1.396	0.09755
1.502	1.396	0.10627
1.470	1.396	0.07362
1.468	1.396	0.07182
1.475	1.396	0.07932
1.533	1.396	0.13688
1.497	1.396	0.10052
1.495	1.396	0.09936
1.443	1.396	0.04718
1.603	1.396	0.20741
1.578	1.396	0.18158
1.576	1.396	0.18013
1.571	1.396	0.17540
1.585	1.396	0.18948
1.520	1.396	0.12395
1.523	1.396	0.12722
1.487	1.396	0.09112
1.468	1.647	0.17930
1.414	1.647	0.23254
1.456	1.647	0.19097
1.469	1.647	0.17802
1.425	1.647	0.22190
1.459	1.647	0.18808
1.612	1.647	0.03517
1.589	1.647	0.05778
1.628	1.647	0.01880
1.617	1.647	0.03024
1.705	1.647	0.05813
1.725	1.647	0.07842
1.681	1.647	0.03372
1.752	1.647	0.10491
1.802	1.647	0.15466
1.576	1.647	0.07067
