est_dist(m)	true_dist(m)	squared_error(m^2)
0.966	1.600	0.63413	39.633%
0.966	1.600	0.63413	39.633%
0.966	1.600	0.63413	39.633%
0.966	1.600	0.63413	39.633%
0.966	1.600	0.63413	39.633%
0.966	1.600	0.63413	39.633%
0.966	1.600	0.63413	39.633%
0.966	1.600	0.63413	39.633%
0.966	1.600	0.63413	39.633%
0.966	1.600	0.63413	39.633%
0.966	1.600	0.63413	39.633%
0.966	1.600	0.63413	39.633%
0.966	1.600	0.63413	39.633%
0.966	1.600	0.63413	39.633%
0.966	1.600	0.63413	39.633%
0.966	1.600	0.63413	39.633%
0.958	1.600	0.64214	40.134%
0.956	1.600	0.64355	40.222%
1.040	1.600	0.55969	34.981%
1.041	1.600	0.55900	34.937%
1.024	1.600	0.57580	35.988%
1.021	1.600	0.57935	36.209%
0.955	1.600	0.64478	40.299%
1.183	1.600	0.41697	26.061%
1.230	1.600	0.36976	23.110%
1.310	1.600	0.29026	18.141%
1.298	1.600	0.30222	18.889%
1.296	1.600	0.30441	19.026%
1.258	1.600	0.34181	21.363%
1.254	1.600	0.34616	21.635%
1.220	1.600	0.38020	23.762%
1.233	1.600	0.36705	22.940%
1.194	1.600	0.40647	25.404%
1.221	1.600	0.37909	23.693%
1.277	1.600	0.32282	20.176%
1.275	1.600	0.32491	20.307%
1.262	1.600	0.33764	21.102%
1.294	1.600	0.30649	19.156%
1.288	1.600	0.31232	19.520%
1.324	1.600	0.27592	17.245%
1.318	1.600	0.28175	17.610%
1.293	1.600	0.30720	19.200%
1.353	1.600	0.24732	15.458%
1.373	1.600	0.22665	14.166%
1.448	1.600	0.15166	9.479%
1.438	1.600	0.16189	10.118%
1.430	1.600	0.17010	10.631%
1.456	1.600	0.14425	9.016%
1.532	1.600	0.06824	4.265%
1.540	1.600	0.05983	3.739%
1.507	1.600	0.09291	5.807%
1.531	1.600	0.06898	4.311%
1.526	1.600	0.07435	4.647%
1.555	1.600	0.04478	2.799%
1.561	1.600	0.03892	2.432%
1.564	1.600	0.03621	2.263%
1.552	1.600	0.04834	3.021%
1.600	1.600	0.00006	0.004%
1.619	1.600	0.01922	-1.201%
1.603	1.600	0.00339	-0.212%
1.631	1.600	0.03067	-1.917%
1.630	1.600	0.02966	-1.854%
1.637	1.600	0.03660	-2.288%
1.642	1.600	0.04248	-2.655%
1.674	1.600	0.07432	-4.645%
1.667	1.600	0.06717	-4.198%
1.113	1.600	0.48684	30.427%
1.709	1.600	0.10931	-6.832%
1.706	1.600	0.10648	-6.655%
1.127	1.600	0.47260	29.537%
1.700	1.600	0.10016	-6.260%
1.704	1.600	0.10363	-6.477%
1.712	1.600	0.11162	-6.976%
1.715	1.600	0.11471	-7.169%
1.703	1.600	0.10336	-6.460%
1.704	1.600	0.10361	-6.476%
1.688	1.600	0.08793	-5.496%
1.698	1.600	0.09812	-6.133%
1.745	1.600	0.14538	-9.086%
1.750	1.600	0.14950	-9.344%
1.751	1.600	0.15071	-9.419%
1.747	1.600	0.14744	-9.215%
1.756	1.600	0.15613	-9.758%
1.151	1.600	0.44924	28.078%
1.146	1.600	0.45439	28.399%
1.156	1.600	0.44424	27.765%
1.156	1.600	0.44412	27.757%
1.154	1.600	0.44601	27.876%
1.154	1.600	0.44579	27.862%
1.109	1.600	0.49119	30.700%
1.109	1.600	0.49139	30.712%
1.122	1.600	0.47782	29.864%
1.654	1.600	0.05417	-3.385%
1.080	1.600	0.52006	32.504%
1.613	1.600	0.01329	-0.830%
1.629	1.600	0.02923	-1.827%
1.645	1.600	0.04492	-2.807%
1.590	1.600	0.01045	0.653%
1.562	1.600	0.03824	2.390%
1.548	1.600	0.05232	3.270%
1.537	1.600	0.06313	3.945%
1.658	1.600	0.05843	-3.652%
1.677	1.600	0.07660	-4.788%
1.647	1.600	0.04675	-2.922%
1.680	1.600	0.07982	-4.989%
1.662	1.600	0.06212	-3.883%
1.697	1.600	0.09739	-6.087%
1.694	1.600	0.09417	-5.886%
1.765	1.600	0.16480	-10.300%
1.091	1.600	0.50869	31.793%
1.683	1.600	0.08341	-5.213%
1.694	1.600	0.09413	-5.883%
1.108	1.600	0.49162	30.726%
1.107	1.600	0.49284	30.802%
1.097	1.600	0.50306	31.441%
1.657	1.600	0.05711	-3.569%
1.095	1.600	0.50499	31.562%
1.083	1.600	0.51690	32.306%
1.667	1.600	0.06667	-4.167%
1.655	1.600	0.05454	-3.409%
1.649	1.600	0.04936	-3.085%
1.081	1.600	0.51863	32.414%
1.084	1.600	0.51563	32.227%
1.082	1.600	0.51828	32.392%
1.093	1.600	0.50744	31.715%
1.089	1.600	0.51096	31.935%
1.079	1.600	0.52075	32.547%
1.092	1.600	0.50808	31.755%
1.682	1.600	0.08203	-5.127%
1.080	1.600	0.51956	32.473%
1.073	1.600	0.52679	32.924%
1.698	1.600	0.09789	-6.118%
1.106	1.600	0.49399	30.874%
1.124	1.600	0.47620	29.763%
1.123	1.600	0.47684	29.803%
1.112	1.600	0.48753	30.471%
1.105	1.600	0.49542	30.964%
1.113	1.600	0.48689	30.430%
1.102	1.600	0.49771	31.107%
1.108	1.600	0.49194	30.746%
1.664	1.600	0.06381	-3.988%
1.672	1.600	0.07170	-4.481%
1.112	1.600	0.48845	30.528%
1.121	1.600	0.47859	29.912%
1.093	1.600	0.50733	31.708%
1.096	1.600	0.50355	31.472%
1.085	1.600	0.51499	32.187%
1.074	1.600	0.52619	32.887%
1.073	1.600	0.52734	32.959%
1.065	1.600	0.53509	33.443%
1.065	1.600	0.53474	33.421%
1.061	1.600	0.53916	33.698%
1.066	1.600	0.53439	33.400%
1.071	1.600	0.52933	33.083%
1.080	1.600	0.52005	32.503%
1.083	1.600	0.51700	32.313%
1.095	1.600	0.50465	31.541%
1.099	1.600	0.50064	31.290%
1.097	1.600	0.50313	31.445%
1.099	1.600	0.50069	31.293%
1.091	1.600	0.50875	31.797%
1.090	1.600	0.51010	31.881%
1.089	1.600	0.51148	31.968%
1.096	1.600	0.50439	31.524%
1.079	1.600	0.52137	32.586%
1.066	1.600	0.53350	33.344%
1.087	1.600	0.51325	32.078%
1.082	1.600	0.51825	32.390%
1.077	1.600	0.52320	32.700%
1.079	1.600	0.52133	32.583%
1.086	1.600	0.51373	32.108%
1.088	1.600	0.51235	32.022%
1.664	1.600	0.06433	-4.021%
1.091	1.600	0.50902	31.813%
1.090	1.600	0.51034	31.896%
1.099	1.600	0.50081	31.301%
1.107	1.600	0.49287	30.804%
1.677	1.600	0.07667	-4.792%
1.678	1.600	0.07785	-4.865%
1.665	1.600	0.06512	-4.070%
1.661	1.600	0.06114	-3.821%
1.674	1.600	0.07365	-4.603%
1.687	1.600	0.08659	-5.412%
1.683	1.600	0.08349	-5.218%
1.669	1.600	0.06934	-4.334%
1.109	1.600	0.49095	30.685%
1.701	1.600	0.10135	-6.335%
1.732	1.600	0.13171	-8.232%
1.718	1.600	0.11830	-7.394%
1.122	1.600	0.47776	29.860%
1.143	1.600	0.45748	28.593%
1.722	1.600	0.12162	-7.601%
1.695	1.600	0.09468	-5.918%
1.714	1.600	0.11375	-7.109%
1.731	1.600	0.13100	-8.188%
2.094	1.600	0.49442	-30.901%
1.134	1.600	0.46589	29.118%
1.118	1.600	0.48243	30.152%
1.116	1.600	0.48355	30.222%
1.121	1.600	0.47898	29.936%
1.123	1.600	0.47740	29.838%
1.132	1.600	0.46834	29.271%
1.144	1.600	0.45563	28.477%
1.135	1.600	0.46517	29.073%
1.702	1.600	0.10205	-6.378%
1.705	1.600	0.10473	-6.546%
1.690	1.600	0.08989	-5.618%
1.689	1.600	0.08936	-5.585%
1.702	1.600	0.10166	-6.354%
1.700	1.600	0.10041	-6.276%
1.693	1.600	0.09296	-5.810%
1.697	1.600	0.09664	-6.040%
1.724	1.600	0.12410	-7.756%
1.105	1.600	0.49546	30.966%
1.695	1.600	0.09513	-5.946%
1.720	1.600	0.11990	-7.494%
1.702	1.600	0.10179	-6.362%
1.694	1.600	0.09402	-5.876%
1.690	1.600	0.09006	-5.629%
1.067	1.600	0.53327	33.329%
1.079	1.600	0.52120	32.575%
1.084	1.600	0.51639	32.274%
1.080	1.600	0.52005	32.503%
1.064	1.600	0.53569	33.481%
1.719	1.600	0.11946	-7.466%
1.658	1.600	0.05754	-3.596%
1.680	1.600	0.08014	-5.009%
1.710	1.600	0.11046	-6.904%
1.723	1.600	0.12304	-7.690%
1.726	1.600	0.12620	-7.888%
1.736	1.600	0.13569	-8.481%
1.730	1.600	0.12968	-8.105%
1.741	1.600	0.14070	-8.794%
1.704	1.600	0.10441	-6.526%
1.087	1.600	0.51259	32.037%
1.090	1.600	0.51033	31.895%
1.080	1.600	0.51959	32.474%
1.695	1.600	0.09547	-5.967%
1.715	1.600	0.11492	-7.182%
1.718	1.600	0.11846	-7.404%
1.699	1.600	0.09875	-6.172%
1.698	1.600	0.09826	-6.141%
1.708	1.600	0.10822	-6.764%
1.664	1.600	0.06358	-3.974%
1.669	1.600	0.06865	-4.291%
1.670	1.600	0.06995	-4.372%
1.658	1.600	0.05758	-3.599%
1.643	1.600	0.04301	-2.688%
1.609	1.600	0.00853	-0.533%
1.645	1.600	0.04454	-2.784%
1.633	1.600	0.03270	-2.044%
1.619	1.600	0.01912	-1.195%
1.615	1.600	0.01527	-0.955%
1.621	1.600	0.02067	-1.292%
1.650	1.600	0.04985	-3.116%
1.096	1.600	0.50443	31.527%
1.098	1.600	0.50155	31.347%
1.671	1.600	0.07098	-4.436%
1.672	1.600	0.07200	-4.500%
1.666	1.600	0.06646	-4.153%
1.680	1.600	0.07961	-4.976%
1.655	1.600	0.05490	-3.431%
1.653	1.600	0.05287	-3.304%
1.630	1.600	0.02959	-1.849%
1.090	1.600	0.50979	31.862%
1.088	1.600	0.51187	31.992%
1.091	1.600	0.50861	31.788%
1.100	1.600	0.49951	31.220%
1.088	1.600	0.51173	31.983%
1.098	1.600	0.50211	31.382%
1.681	1.600	0.08058	-5.036%
1.095	1.600	0.50511	31.569%
1.640	1.600	0.04024	-2.515%
1.683	1.600	0.08334	-5.209%
1.704	1.600	0.10439	-6.525%
1.709	1.600	0.10877	-6.798%
1.114	1.600	0.48589	30.368%
1.112	1.600	0.48812	30.508%
1.104	1.600	0.49611	31.007%
1.681	1.600	0.08114	-5.071%
1.103	1.600	0.49652	31.033%
1.083	1.600	0.51681	32.301%
1.103	1.600	0.49692	31.057%
1.683	1.600	0.08302	-5.189%
1.687	1.600	0.08671	-5.420%
1.121	1.600	0.47913	29.945%
1.125	1.600	0.47486	29.679%
1.700	1.600	0.10047	-6.279%
1.680	1.600	0.07982	-4.989%
1.671	1.600	0.07138	-4.461%
1.109	1.600	0.49107	30.692%
1.709	1.600	0.10860	-6.787%
1.113	1.600	0.48743	30.465%
1.152	1.600	0.44833	28.020%
1.148	1.600	0.45217	28.261%
1.106	1.600	0.49359	30.850%
1.065	1.600	0.53546	33.466%
1.056	1.600	0.54432	34.020%
1.101	1.600	0.49921	31.200%
1.104	1.600	0.49586	30.991%
1.085	1.600	0.51520	32.200%
1.720	1.600	0.11993	-7.496%
1.696	1.600	0.09642	-6.026%
1.130	1.600	0.46996	29.373%
1.114	1.600	0.48638	30.399%
1.120	1.600	0.47966	29.979%
1.110	1.600	0.48990	30.619%
1.107	1.600	0.49267	30.792%
1.640	1.600	0.03966	-2.479%
1.669	1.600	0.06938	-4.336%
1.679	1.600	0.07946	-4.966%
1.680	1.600	0.08048	-5.030%
1.132	1.600	0.46775	29.235%
1.128	1.600	0.47157	29.473%
1.131	1.600	0.46880	29.300%
1.128	1.600	0.47192	29.495%
1.132	1.600	0.46757	29.223%
1.130	1.600	0.46951	29.344%
1.133	1.600	0.46705	29.191%
1.125	1.600	0.47509	29.693%
1.115	1.600	0.48490	30.306%
1.083	1.600	0.51652	32.283%
1.082	1.600	0.51778	32.361%
1.092	1.600	0.50812	31.757%
1.098	1.600	0.50238	31.399%
1.110	1.600	0.48999	30.624%
1.117	1.600	0.48296	30.185%
1.133	1.600	0.46740	29.212%
1.131	1.600	0.46907	29.317%
1.714	1.600	0.11363	-7.102%
1.139	1.600	0.46087	28.805%
1.713	1.600	0.11329	-7.081%
1.701	1.600	0.10103	-6.314%
1.686	1.600	0.08647	-5.404%
1.139	1.600	0.46059	28.787%
1.737	1.600	0.13733	-8.583%
1.703	1.600	0.10263	-6.415%
1.665	1.600	0.06455	-4.034%
1.665	1.600	0.06484	-4.053%
1.699	1.600	0.09871	-6.170%
1.676	1.600	0.07623	-4.764%
1.607	1.600	0.00706	-0.441%
1.597	1.600	0.00275	0.172%
1.640	1.600	0.04017	-2.511%
1.643	1.600	0.04325	-2.703%
1.643	1.600	0.04289	-2.681%
1.659	1.600	0.05901	-3.688%
1.671	1.600	0.07074	-4.421%
1.682	1.600	0.08193	-5.120%
1.647	1.600	0.04733	-2.958%
1.624	1.600	0.02362	-1.476%
1.577	1.600	0.02272	1.420%
1.595	1.600	0.00527	0.330%
1.595	1.600	0.00532	0.332%
1.609	1.600	0.00949	-0.593%
1.612	1.600	0.01246	-0.779%
1.613	1.600	0.01266	-0.791%
1.612	1.600	0.01155	-0.722%
1.600	1.600	0.00007	0.004%
1.585	1.600	0.01533	0.958%
1.545	1.600	0.05548	3.468%
1.538	1.600	0.06181	3.863%
1.536	1.600	0.06434	4.021%
1.533	1.600	0.06686	4.179%
1.522	1.600	0.07838	4.899%
1.538	1.600	0.06238	3.899%
1.522	1.600	0.07758	4.849%
1.543	1.600	0.05662	3.538%
1.525	1.600	0.07500	4.687%
1.547	1.600	0.05304	3.315%
1.543	1.600	0.05664	3.540%
1.556	1.600	0.04433	2.771%
1.564	1.600	0.03581	2.238%
1.553	1.600	0.04744	2.965%
1.561	1.600	0.03912	2.445%
1.576	1.600	0.02399	1.499%
1.570	1.600	0.03050	1.906%
1.577	1.600	0.02285	1.428%
1.542	1.600	0.05841	3.650%
1.544	1.600	0.05611	3.507%
1.564	1.600	0.03564	2.227%
1.535	1.600	0.06497	4.060%
1.583	1.600	0.01716	1.072%
1.537	1.600	0.06336	3.960%
1.519	1.600	0.08144	5.090%
1.533	1.600	0.06683	4.177%
1.547	1.600	0.05316	3.323%
1.544	1.600	0.05628	3.518%
1.548	1.600	0.05184	3.240%
1.557	1.600	0.04350	2.719%
1.547	1.600	0.05252	3.282%
1.546	1.600	0.05413	3.383%
1.573	1.600	0.02743	1.714%
1.588	1.600	0.01242	0.776%
1.584	1.600	0.01647	1.029%
1.554	1.600	0.04619	2.887%
1.539	1.600	0.06125	3.828%
1.547	1.600	0.05269	3.293%
1.549	1.600	0.05065	3.166%
1.549	1.600	0.05075	3.172%
1.568	1.600	0.03241	2.025%
1.548	1.600	0.05227	3.267%
1.571	1.600	0.02879	1.799%
1.565	1.600	0.03537	2.211%
1.572	1.600	0.02787	1.742%
1.592	1.600	0.00838	0.524%
1.592	1.600	0.00799	0.500%
1.590	1.600	0.00988	0.617%
1.590	1.600	0.01012	0.633%
1.572	1.600	0.02755	1.722%
1.559	1.600	0.04054	2.534%
1.531	1.600	0.06895	4.309%
1.058	1.600	0.54228	33.893%
1.085	1.412	0.32735	23.184%
1.087	1.412	0.32523	23.033%
1.575	1.412	0.16329	-11.564%
1.063	1.412	0.34875	24.699%
1.062	1.412	0.35018	24.800%
1.066	1.412	0.34611	24.512%
1.053	1.412	0.35881	25.411%
1.545	1.412	0.13326	-9.437%
1.078	1.412	0.33363	23.628%
1.540	1.412	0.12831	-9.087%
1.519	1.412	0.10696	-7.575%
1.542	1.412	0.12972	-9.187%
1.558	1.412	0.14635	-10.364%
1.590	1.412	0.17846	-12.639%
1.568	1.412	0.15647	-11.081%
1.579	1.412	0.16692	-11.821%
1.586	1.412	0.17435	-12.348%
1.524	1.412	0.11227	-7.951%
1.060	1.412	0.35208	24.935%
1.577	1.413	0.16412	-11.615%
1.571	1.413	0.15816	-11.193%
1.558	1.413	0.14549	-10.297%
1.572	1.413	0.15881	-11.239%
1.569	1.413	0.15643	-11.071%
1.567	1.413	0.15436	-10.924%
1.606	1.413	0.19254	-13.626%
1.553	1.413	0.14027	-9.927%
1.557	1.413	0.14444	-10.222%
1.566	1.413	0.15267	-10.805%
1.579	1.413	0.16590	-11.741%
1.545	1.413	0.13160	-9.314%
1.062	1.413	0.35141	24.870%
1.010	1.413	0.40276	28.504%
1.027	1.413	0.38558	27.288%
1.492	1.413	0.07935	-5.615%
1.486	1.413	0.07284	-5.155%
1.036	1.413	0.37716	26.692%
1.051	1.413	0.36187	25.610%
1.498	1.413	0.08457	-5.985%
1.473	1.425	0.04788	-3.360%
1.515	1.425	0.09004	-6.319%
1.536	1.425	0.11103	-7.792%
1.513	1.425	0.08848	-6.209%
1.501	1.425	0.07646	-5.366%
1.511	1.425	0.08624	-6.052%
1.522	1.425	0.09706	-6.812%
1.054	1.425	0.37130	26.056%
1.016	1.425	0.40922	28.717%
1.034	1.425	0.39056	27.408%
1.052	1.425	0.37288	26.167%
1.026	1.425	0.39919	28.013%
1.054	1.425	0.37058	26.005%
1.052	1.425	0.37280	26.162%
1.029	1.425	0.39632	27.812%
1.506	1.425	0.08068	-5.662%
1.074	1.425	0.35084	24.620%
1.044	1.425	0.38065	26.712%
1.050	1.425	0.37459	26.287%
1.541	1.425	0.11572	-8.121%
1.564	1.420	0.14437	-10.167%
1.050	1.420	0.37008	26.062%
1.042	1.420	0.37759	26.591%
1.533	1.420	0.11320	-7.972%
1.522	1.420	0.10179	-7.169%
1.515	1.420	0.09460	-6.662%
1.535	1.420	0.11515	-8.109%
1.045	1.420	0.37452	26.375%
1.554	1.420	0.13433	-9.460%
1.036	1.420	0.38372	27.023%
1.030	1.420	0.39047	27.498%
1.532	1.420	0.11243	-7.918%
1.567	1.420	0.14651	-10.317%
1.034	1.420	0.38594	27.179%
1.519	1.420	0.09930	-6.993%
1.514	1.420	0.09369	-6.598%
1.526	1.420	0.10597	-7.462%
1.524	1.420	0.10403	-7.326%
1.559	1.420	0.13876	-9.771%
1.545	1.412	0.13304	-9.422%
1.507	1.412	0.09496	-6.725%
1.560	1.412	0.14816	-10.493%
1.042	1.412	0.37049	26.239%
1.082	1.412	0.33014	23.381%
1.047	1.412	0.36455	25.818%
1.505	1.412	0.09262	-6.560%
1.578	1.412	0.16620	-11.771%
1.056	1.412	0.35624	25.230%
1.057	1.412	0.35515	25.153%
1.038	1.412	0.37417	26.499%
1.065	1.412	0.34672	24.555%
1.044	1.412	0.36812	26.071%
2.087	1.412	0.67460	-47.776%
1.525	1.412	0.11258	-7.973%
1.533	1.412	0.12135	-8.594%
1.085	1.412	0.32676	23.142%
1.046	1.412	0.36649	25.955%
2.077	1.412	0.66454	-47.064%
1.548	1.412	0.13579	-9.617%
1.549	1.400	0.14900	-10.643%
1.073	1.400	0.32681	23.344%
1.084	1.400	0.31644	22.603%
1.080	1.400	0.32046	22.890%
1.570	1.400	0.17044	-12.175%
1.548	1.400	0.14816	-10.583%
1.549	1.400	0.14874	-10.625%
1.567	1.400	0.16680	-11.915%
1.080	1.400	0.31994	22.853%
1.069	1.400	0.33133	23.667%
1.550	1.400	0.15015	-10.725%
1.565	1.400	0.16460	-11.757%
1.082	1.400	0.31793	22.709%
1.065	1.400	0.33540	23.957%
1.556	1.400	0.15590	-11.136%
1.540	1.400	0.13975	-9.982%
1.552	1.400	0.15196	-10.854%
1.075	1.400	0.32548	23.248%
1.559	1.400	0.15878	-11.341%
1.541	1.400	0.14086	-10.061%
1.551	1.402	0.14864	-10.602%
1.551	1.402	0.14935	-10.653%
1.562	1.402	0.15953	-11.379%
1.557	1.402	0.15544	-11.087%
1.555	1.402	0.15331	-10.935%
1.074	1.402	0.32785	23.384%
1.076	1.402	0.32641	23.282%
1.547	1.402	0.14470	-10.321%
1.563	1.402	0.16094	-11.479%
1.519	1.402	0.11723	-8.362%
1.557	1.402	0.15457	-11.025%
1.048	1.402	0.35373	25.230%
1.056	1.402	0.34648	24.713%
1.542	1.402	0.13964	-9.960%
1.065	1.402	0.33742	24.067%
1.544	1.402	0.14202	-10.130%
1.551	1.402	0.14871	-10.607%
1.538	1.402	0.13572	-9.680%
2.080	1.402	0.67803	-48.362%
1.522	1.411	0.11137	-7.893%
1.560	1.411	0.14931	-10.582%
1.575	1.411	0.16428	-11.642%
1.082	1.411	0.32870	23.296%
1.069	1.411	0.34211	24.246%
1.047	1.411	0.36418	25.810%
1.072	1.411	0.33931	24.048%
1.074	1.411	0.33659	23.855%
1.071	1.411	0.34029	24.117%
1.063	1.411	0.34802	24.665%
1.538	1.411	0.12726	-9.019%
1.571	1.411	0.16043	-11.370%
1.074	1.411	0.33711	23.892%
1.081	1.411	0.32997	23.386%
1.029	1.411	0.38171	27.052%
1.058	1.411	0.35287	25.009%
1.063	1.411	0.34752	24.629%
1.563	1.411	0.15217	-10.785%
1.544	1.411	0.13303	-9.428%
1.035	1.411	0.37649	26.682%
1.050	1.418	0.36819	25.966%
1.048	1.418	0.36987	26.084%
1.064	1.418	0.35390	24.957%
1.579	1.418	0.16138	-11.381%
1.613	1.418	0.19523	-13.768%
1.576	1.418	0.15801	-11.143%
1.569	1.418	0.15070	-10.628%
1.572	1.418	0.15447	-10.894%
1.543	1.418	0.12466	-8.791%
1.539	1.418	0.12146	-8.565%
1.574	1.418	0.15599	-11.001%
1.550	1.418	0.13218	-9.322%
1.065	1.418	0.35296	24.891%
1.521	1.418	0.10297	-7.262%
1.553	1.418	0.13527	-9.540%
1.569	1.418	0.15082	-10.636%
1.084	1.418	0.33406	23.559%
1.575	1.418	0.15658	-11.042%
1.576	1.418	0.15794	-11.138%
1.581	1.416	0.16548	-11.686%
1.579	1.416	0.16261	-11.484%
1.565	1.416	0.14924	-10.540%
1.530	1.416	0.11414	-8.061%
1.063	1.416	0.35282	24.916%
1.507	1.416	0.09146	-6.459%
1.536	1.416	0.11969	-8.453%
1.576	1.416	0.16005	-11.303%
1.573	1.416	0.15702	-11.089%
1.559	1.416	0.14268	-10.076%
1.562	1.416	0.14594	-10.307%
1.571	1.416	0.15547	-10.980%
1.591	1.416	0.17454	-12.326%
1.080	1.416	0.33552	23.695%
1.552	1.416	0.13573	-9.586%
1.545	1.416	0.12929	-9.130%
1.549	1.416	0.13275	-9.375%
1.075	1.416	0.34070	24.061%
1.065	1.416	0.35146	24.820%
1.055	1.416	0.36107	25.499%
1.530	1.416	0.11398	-8.049%
1.542	1.416	0.12570	-8.877%
1.519	1.416	0.10313	-7.283%
1.544	1.416	0.12793	-9.035%
1.518	1.416	0.10217	-7.215%
1.560	1.416	0.14371	-10.149%
1.511	1.416	0.09487	-6.700%
1.491	1.416	0.07480	-5.283%
1.041	1.416	0.37525	26.501%
1.499	1.416	0.08328	-5.881%
1.550	1.416	0.13415	-9.474%
2.073	1.416	0.65680	-46.384%
1.064	1.416	0.35200	24.859%
1.038	1.416	0.37764	26.669%
1.058	1.416	0.35815	25.293%
1.070	1.416	0.34572	24.416%
1.064	1.416	0.35230	24.880%
1.074	1.416	0.34197	24.151%
1.534	1.416	0.11849	-8.368%
1.613	1.416	0.19726	-13.931%
1.070	1.418	0.34784	24.530%
1.060	1.418	0.35781	25.233%
1.042	1.418	0.37581	26.503%
1.106	1.418	0.31167	21.980%
1.007	1.418	0.41121	28.999%
1.560	1.418	0.14170	-9.993%
2.072	1.418	0.65420	-46.135%
1.573	1.418	0.15469	-10.909%
1.606	1.418	0.18790	-13.251%
1.569	1.418	0.15103	-10.651%
1.062	1.418	0.35603	25.108%
1.032	1.418	0.38600	27.221%
1.011	1.418	0.40744	28.733%
1.520	1.418	0.10217	-7.205%
1.034	1.418	0.38420	27.095%
1.554	1.418	0.13648	-9.625%
1.514	1.418	0.09647	-6.803%
2.086	1.418	0.66801	-47.109%
1.041	1.418	0.37740	26.615%
1.081	1.418	0.33719	23.780%
1.522	1.421	0.10060	-7.079%
1.491	1.421	0.07016	-4.938%
1.551	1.421	0.12988	-9.140%
1.084	1.421	0.33720	23.730%
1.078	1.421	0.34260	24.109%
1.535	1.421	0.11436	-8.048%
1.506	1.421	0.08513	-5.991%
1.515	1.421	0.09376	-6.598%
1.539	1.421	0.11827	-8.323%
1.558	1.421	0.13694	-9.637%
1.071	1.421	0.34972	24.611%
1.551	1.421	0.13033	-9.172%
1.591	1.421	0.17004	-11.966%
1.556	1.421	0.13549	-9.535%
1.067	1.421	0.35403	24.914%
1.548	1.421	0.12716	-8.949%
1.085	1.421	0.33650	23.680%
1.084	1.421	0.33696	23.713%
1.081	1.421	0.34002	23.929%
1.085	1.421	0.33558	23.616%
1.585	1.420	0.16514	-11.630%
1.564	1.420	0.14405	-10.144%
1.082	1.420	0.33826	23.821%
1.070	1.420	0.35021	24.662%
1.582	1.420	0.16231	-11.430%
1.527	1.420	0.10668	-7.513%
1.573	1.420	0.15271	-10.754%
1.554	1.420	0.13408	-9.442%
1.066	1.420	0.35426	24.948%
1.047	1.420	0.37295	26.264%
1.592	1.420	0.17164	-12.087%
1.559	1.420	0.13853	-9.755%
1.559	1.420	0.13904	-9.791%
1.563	1.420	0.14324	-10.087%
1.063	1.420	0.35651	25.106%
1.061	1.420	0.35924	25.298%
1.519	1.420	0.09939	-7.000%
1.538	1.420	0.11810	-8.317%
1.528	1.420	0.10759	-7.577%
1.526	1.521	0.00486	-0.320%
1.544	1.521	0.02333	-1.534%
1.514	1.521	0.00694	0.456%
1.577	1.521	0.05575	-3.665%
1.507	1.521	0.01415	0.931%
1.537	1.521	0.01567	-1.030%
1.528	1.521	0.00744	-0.489%
1.606	1.521	0.08545	-5.618%
1.616	1.521	0.09502	-6.247%
1.648	1.521	0.12698	-8.349%
1.583	1.521	0.06213	-4.085%
1.570	1.521	0.04906	-3.225%
1.556	1.521	0.03474	-2.284%
1.504	1.521	0.01748	1.149%
1.559	1.521	0.03835	-2.521%
1.578	1.521	0.05699	-3.747%
1.568	1.521	0.04654	-3.060%
1.583	1.521	0.06214	-4.086%
1.627	1.521	0.10644	-6.998%
1.581	1.521	0.06000	-3.945%
1.558	1.684	0.12584	7.473%
1.586	1.684	0.09756	5.793%
1.621	1.684	0.06265	3.720%
1.656	1.684	0.02777	1.649%
1.673	1.684	0.01111	0.660%
1.672	1.684	0.01178	0.699%
1.701	1.684	0.01655	-0.983%
1.693	1.684	0.00909	-0.540%
1.633	1.684	0.05093	3.025%
1.607	1.684	0.07672	4.556%
1.634	1.684	0.04998	2.968%
1.623	1.684	0.06146	3.650%
1.650	1.684	0.03402	2.020%
1.615	1.684	0.06901	4.098%
1.619	1.684	0.06499	3.859%
1.628	1.684	0.05604	3.328%
1.641	1.684	0.04340	2.577%
1.110	1.684	0.57415	34.094%
1.117	1.684	0.56691	33.664%
1.646	1.684	0.03803	2.258%
1.671	1.631	0.03959	-2.427%
1.648	1.631	0.01742	-1.068%
1.653	1.631	0.02200	-1.349%
1.674	1.631	0.04258	-2.611%
1.084	1.631	0.54728	33.555%
1.092	1.631	0.53920	33.059%
1.083	1.631	0.54768	33.580%
1.641	1.631	0.01034	-0.634%
1.657	1.631	0.02650	-1.625%
1.656	1.631	0.02520	-1.545%
1.619	1.631	0.01176	0.721%
1.653	1.631	0.02226	-1.365%
1.670	1.631	0.03883	-2.381%
1.682	1.631	0.05098	-3.126%
1.691	1.631	0.06009	-3.684%
1.658	1.631	0.02667	-1.635%
1.632	1.631	0.00059	-0.036%
1.611	1.631	0.02007	1.231%
1.643	1.631	0.01184	-0.726%
1.649	1.631	0.01761	-1.080%
1.675	1.577	0.09781	-6.202%
1.655	1.577	0.07839	-4.971%
1.661	1.577	0.08431	-5.346%
1.642	1.577	0.06460	-4.096%
1.631	1.577	0.05431	-3.444%
1.619	1.577	0.04156	-2.636%
1.628	1.577	0.05124	-3.249%
1.642	1.577	0.06511	-4.129%
1.658	1.577	0.08103	-5.138%
1.679	1.577	0.10190	-6.461%
1.688	1.577	0.11080	-7.026%
2.086	1.577	0.50944	-32.305%
1.103	1.577	0.47363	30.034%
1.112	1.577	0.46466	29.465%
1.122	1.577	0.45460	28.827%
1.134	1.577	0.44299	28.090%
1.154	1.577	0.42321	26.836%
1.157	1.577	0.42030	26.652%
1.120	1.563	0.44269	28.323%
1.147	1.563	0.41620	26.628%
1.141	1.563	0.42203	27.001%
2.086	1.550	0.53570	-34.562%
2.082	1.550	0.53168	-34.302%
2.082	1.550	0.53234	-34.344%
2.080	1.550	0.53024	-34.209%
1.683	1.550	0.13283	-8.570%
1.694	1.550	0.14400	-9.290%
1.676	1.550	0.12555	-8.100%
1.697	1.550	0.14691	-9.478%
1.676	1.550	0.12610	-8.135%
1.653	1.550	0.10251	-6.614%
1.634	1.550	0.08390	-5.413%
1.647	1.550	0.09654	-6.229%
1.622	1.550	0.07197	-4.644%
1.606	1.550	0.05637	-3.637%
1.632	1.550	0.08151	-5.259%
1.636	1.455	0.18066	-12.416%
1.614	1.455	0.15893	-10.923%
1.625	1.455	0.16961	-11.657%
1.618	1.455	0.16252	-11.170%
1.595	1.455	0.14011	-9.629%
1.589	1.455	0.13411	-9.217%
1.614	1.455	0.15878	-10.913%
1.589	1.455	0.13426	-9.228%
1.592	1.455	0.13738	-9.442%
1.611	1.455	0.15641	-10.750%
1.660	1.455	0.20512	-14.098%
1.605	1.455	0.14958	-10.280%
1.575	1.455	0.11952	-8.214%
1.559	1.455	0.10359	-7.119%
1.577	1.455	0.12240	-8.412%
1.564	1.455	0.10942	-7.520%
1.566	1.455	0.11125	-7.646%
1.564	1.455	0.10853	-7.459%
1.569	1.455	0.11424	-7.852%
1.574	1.455	0.11914	-8.188%
1.555	1.537	0.01772	-1.153%
1.542	1.537	0.00452	-0.294%
1.534	1.537	0.00283	0.184%
1.501	1.537	0.03605	2.345%
1.564	1.537	0.02672	-1.738%
1.552	1.537	0.01495	-0.973%
1.570	1.537	0.03319	-2.159%
1.056	1.537	0.48085	31.285%
1.053	1.537	0.48404	31.493%
1.564	1.537	0.02737	-1.781%
1.070	1.537	0.46665	30.361%
1.079	1.537	0.45760	29.772%
1.087	1.537	0.45012	29.285%
1.104	1.537	0.43285	28.162%
1.104	1.537	0.43289	28.165%
1.091	1.537	0.44628	29.036%
1.080	1.537	0.45688	29.725%
1.084	1.537	0.45324	29.488%
1.117	1.558	0.44141	28.332%
1.092	1.558	0.46562	29.886%
1.090	1.558	0.46782	30.027%
1.100	1.558	0.45782	29.385%
1.097	1.558	0.46147	29.620%
1.078	1.558	0.47974	30.792%
1.096	1.558	0.46219	29.666%
1.076	1.558	0.48247	30.967%
1.105	1.558	0.45277	29.061%
1.097	1.558	0.46063	29.566%
1.100	1.558	0.45781	29.384%
1.085	1.558	0.47262	30.335%
1.082	1.558	0.47576	30.537%
1.566	1.558	0.00801	-0.514%
1.587	1.558	0.02950	-1.893%
1.088	1.558	0.46990	30.161%
1.081	1.558	0.47682	30.604%
1.078	1.558	0.48014	30.818%
1.569	1.558	0.01103	-0.708%
1.571	1.558	0.01263	-0.811%
1.587	1.534	0.05308	-3.460%
1.600	1.534	0.06578	-4.288%
1.577	1.534	0.04310	-2.809%
1.547	1.534	0.01296	-0.845%
1.040	1.534	0.49431	32.224%
1.035	1.534	0.49908	32.535%
1.055	1.534	0.47860	31.199%
1.063	1.534	0.47141	30.731%
1.077	1.534	0.45728	29.810%
1.068	1.534	0.46555	30.349%
1.536	1.534	0.00156	-0.102%
1.560	1.534	0.02590	-1.689%
1.581	1.534	0.04729	-3.083%
1.562	1.534	0.02827	-1.843%
1.558	1.534	0.02414	-1.573%
1.520	1.534	0.01405	0.916%
1.537	1.534	0.00303	-0.197%
1.498	1.534	0.03604	2.349%
1.060	1.534	0.47384	30.889%
1.068	1.534	0.46632	30.399%
1.075	1.203	0.12825	10.661%
1.090	1.203	0.11256	9.357%
1.093	1.203	0.10962	9.112%
1.113	1.203	0.09026	7.503%
1.101	1.203	0.10173	8.457%
1.118	1.203	0.08514	7.077%
1.102	1.203	0.10057	8.360%
1.088	1.203	0.11477	9.540%
1.107	1.203	0.09634	8.008%
1.139	1.203	0.06446	5.358%
1.142	1.203	0.06062	5.039%
1.124	1.203	0.07948	6.606%
1.110	1.203	0.09312	7.741%
1.127	1.203	0.07611	6.327%
1.735	1.203	0.53164	-44.193%
1.702	1.203	0.49938	-41.512%
1.092	1.203	0.11145	9.265%
1.085	1.203	0.11811	9.818%
1.112	1.219	0.10697	8.775%
1.107	1.219	0.11197	9.186%
1.101	1.219	0.11846	9.717%
1.095	1.219	0.12392	10.165%
1.119	1.219	0.10032	8.230%
1.146	1.219	0.07331	6.014%
1.138	1.219	0.08069	6.620%
1.116	1.219	0.10312	8.459%
1.116	1.219	0.10332	8.476%
1.110	1.219	0.10934	8.969%
1.123	1.219	0.09601	7.876%
1.133	1.219	0.08563	7.025%
1.123	1.219	0.09607	7.881%
1.140	1.219	0.07936	6.510%
1.168	1.219	0.05105	4.188%
1.158	1.219	0.06118	5.019%
1.166	1.219	0.05307	4.353%
1.150	1.219	0.06920	5.677%
1.146	1.219	0.07314	6.000%
1.131	1.219	0.08784	7.206%
1.139	1.202	0.06257	5.206%
1.103	1.202	0.09883	8.222%
1.085	1.202	0.11745	9.771%
1.076	1.202	0.12580	10.466%
1.112	1.202	0.09045	7.525%
1.086	1.202	0.11558	9.616%
1.104	1.202	0.09844	8.190%
1.108	1.202	0.09397	7.818%
1.107	1.202	0.09493	7.898%
1.111	1.202	0.09082	7.556%
1.069	1.202	0.13344	11.102%
1.103	1.202	0.09873	8.214%
1.111	1.202	0.09126	7.592%
1.111	1.202	0.09061	7.538%
1.118	1.202	0.08413	6.999%
1.138	1.202	0.06423	5.344%
1.140	1.202	0.06179	5.140%
1.118	1.202	0.08412	6.999%
1.739	1.202	0.53718	-44.690%
1.134	1.202	0.06780	5.641%
1.139	1.202	0.06320	5.258%
1.124	1.202	0.07833	6.517%
1.119	1.202	0.08345	6.942%
1.562	1.202	0.36042	-29.985%
1.541	1.202	0.33888	-28.193%
1.128	1.202	0.07388	6.146%
1.135	1.202	0.06662	5.542%
1.143	1.202	0.05866	4.880%
1.154	1.202	0.04770	3.968%
1.168	1.202	0.03434	2.857%
1.162	1.202	0.03983	3.313%
1.156	1.202	0.04606	3.832%
1.167	1.202	0.03492	2.906%
1.121	1.202	0.08073	6.716%
1.165	1.202	0.03703	3.081%
1.159	1.202	0.04337	3.608%
1.146	1.202	0.05555	4.621%
1.141	1.202	0.06093	5.069%
1.101	1.202	0.10079	8.385%
1.107	1.188	0.08057	6.782%
1.112	1.188	0.07592	6.390%
1.113	1.188	0.07474	6.291%
1.103	1.188	0.08499	7.154%
1.104	1.188	0.08432	7.097%
1.088	1.188	0.10020	8.434%
1.109	1.188	0.07914	6.662%
1.102	1.188	0.08644	7.276%
1.115	1.188	0.07255	6.107%
1.129	1.188	0.05922	4.985%
1.116	1.188	0.07230	6.085%
1.114	1.188	0.07402	6.231%
1.722	1.188	0.53445	-44.987%
1.641	1.188	0.45302	-38.133%
1.622	1.188	0.43410	-36.540%
1.541	1.188	0.35339	-29.746%
1.660	1.188	0.47209	-39.738%
1.676	1.188	0.48772	-41.054%
1.719	1.188	0.53098	-44.695%
1.095	1.188	0.09333	7.856%
1.130	1.182	0.05206	4.404%
1.139	1.182	0.04284	3.624%
1.098	1.182	0.08425	7.128%
1.089	1.182	0.09258	7.832%
1.125	1.182	0.05728	4.846%
1.114	1.182	0.06827	5.776%
1.108	1.182	0.07351	6.220%
1.104	1.182	0.07777	6.579%
1.098	1.182	0.08402	7.108%
1.087	1.182	0.09497	8.035%
1.097	1.182	0.08535	7.221%
1.665	1.182	0.48310	-40.871%
1.096	1.182	0.08648	7.316%
1.098	1.182	0.08360	7.073%
1.713	1.182	0.53057	-44.888%
1.108	1.182	0.07355	6.223%
1.116	1.182	0.06622	5.602%
1.118	1.182	0.06382	5.400%
1.110	1.182	0.07170	6.066%
1.078	1.182	0.10398	8.797%
1.101	1.182	0.08050	6.811%
1.116	1.182	0.06609	5.592%
1.548	1.182	0.36591	-30.957%
1.552	1.182	0.36987	-31.292%
1.108	1.182	0.07445	6.298%
1.093	1.182	0.08856	7.492%
1.135	1.182	0.04695	3.972%
1.116	1.182	0.06573	5.561%
1.119	1.182	0.06322	5.349%
1.130	1.182	0.05211	4.409%
1.131	1.182	0.05145	4.353%
1.122	1.182	0.05992	5.070%
1.133	1.185	0.05163	4.357%
1.133	1.185	0.05160	4.354%
1.105	1.185	0.08021	6.769%
1.114	1.185	0.07106	5.996%
1.113	1.185	0.07233	6.104%
1.113	1.185	0.07170	6.051%
1.112	1.185	0.07261	6.127%
1.131	1.185	0.05368	4.530%
1.592	1.185	0.40737	-34.377%
1.090	1.185	0.09498	8.015%
1.100	1.185	0.08485	7.160%
1.713	1.185	0.52794	-44.552%
1.681	1.185	0.49561	-41.824%
1.694	1.185	0.50927	-42.977%
1.682	1.185	0.49692	-41.934%
1.490	1.185	0.30546	-25.777%
1.065	1.185	0.12039	10.159%
1.070	1.185	0.11491	9.697%
1.058	1.418	0.36032	25.410%
1.845	1.418	0.42677	-30.097%
1.704	1.418	0.28642	-20.199%
1.691	1.418	0.27298	-19.251%
1.638	1.418	0.21995	-15.511%
1.596	1.418	0.17805	-12.556%
1.584	1.418	0.16585	-11.696%
1.569	1.418	0.15116	-10.660%
1.568	1.418	0.14976	-10.561%
1.576	1.418	0.15816	-11.154%
1.553	1.418	0.13477	-9.504%
1.564	1.418	0.14562	-10.269%
1.526	1.418	0.10778	-7.601%
1.536	1.418	0.11848	-8.355%
1.560	1.418	0.14172	-9.995%
1.582	1.418	0.16354	-11.533%
1.544	1.418	0.12625	-8.903%
1.542	1.418	0.12404	-8.748%
1.588	1.418	0.17012	-11.997%
1.598	1.418	0.17996	-12.691%
1.585	1.420	0.16459	-11.591%
1.582	1.420	0.16246	-11.441%
1.585	1.420	0.16497	-11.618%
1.596	1.420	0.17643	-12.424%
1.587	1.420	0.16729	-11.781%
1.583	1.420	0.16281	-11.465%
1.561	1.420	0.14144	-9.961%
1.581	1.420	0.16123	-11.354%
1.589	1.420	0.16876	-11.884%
1.582	1.420	0.16212	-11.417%
1.605	1.420	0.18497	-13.026%
1.614	1.420	0.19432	-13.684%
1.593	1.420	0.17280	-12.169%
1.615	1.420	0.19475	-13.715%
1.637	1.420	0.21726	-15.300%
1.612	1.420	0.19193	-13.516%
1.602	1.420	0.18212	-12.825%
1.604	1.420	0.18369	-12.936%
1.624	1.420	0.20376	-14.349%
1.624	1.420	0.20448	-14.400%
1.621	1.414	0.20730	-14.661%
1.619	1.414	0.20466	-14.474%
1.619	1.414	0.20492	-14.493%
1.611	1.414	0.19709	-13.938%
1.620	1.414	0.20624	-14.586%
1.625	1.414	0.21109	-14.929%
1.598	1.414	0.18444	-13.044%
1.558	1.414	0.14399	-10.183%
1.552	1.414	0.13764	-9.734%
1.600	1.414	0.18554	-13.121%
1.608	1.414	0.19379	-13.705%
1.578	1.414	0.16398	-11.597%
1.568	1.414	0.15449	-10.926%
1.572	1.414	0.15757	-11.144%
1.594	1.414	0.17969	-12.708%
1.566	1.414	0.15246	-10.782%
1.564	1.414	0.14971	-10.587%
1.540	1.414	0.12561	-8.884%
1.552	1.414	0.13762	-9.733%
1.567	1.414	0.15341	-10.849%
1.591	1.416	0.17538	-12.386%
1.554	1.416	0.13771	-9.725%
1.076	1.416	0.34049	24.046%
1.071	1.416	0.34466	24.340%
1.556	1.416	0.14015	-9.897%
1.575	1.416	0.15863	-11.203%
1.562	1.416	0.14557	-10.280%
1.585	1.416	0.16945	-11.967%
1.565	1.416	0.14886	-10.513%
1.580	1.416	0.16389	-11.574%
1.611	1.416	0.19512	-13.780%
1.611	1.416	0.19465	-13.747%
1.607	1.416	0.19142	-13.518%
1.603	1.416	0.18747	-13.239%
1.089	1.416	0.32691	23.087%
1.104	1.416	0.31209	22.040%
1.098	1.416	0.31788	22.449%
1.095	1.416	0.32052	22.635%
1.099	1.416	0.31736	22.413%
1.086	1.416	0.32994	23.301%
1.616	1.412	0.20400	-14.448%
1.608	1.412	0.19633	-13.904%
1.597	1.412	0.18460	-13.074%
1.622	1.412	0.21031	-14.895%
1.606	1.412	0.19421	-13.755%
1.621	1.412	0.20874	-14.783%
1.629	1.412	0.21705	-15.372%
1.633	1.412	0.22062	-15.625%
1.614	1.412	0.20206	-14.310%
1.611	1.412	0.19870	-14.072%
1.600	1.412	0.18759	-13.286%
1.595	1.412	0.18272	-12.940%
1.585	1.412	0.17303	-12.254%
1.557	1.412	0.14550	-10.304%
1.565	1.412	0.15274	-10.817%
1.582	1.412	0.16990	-12.033%
1.566	1.412	0.15393	-10.901%
1.554	1.412	0.14194	-10.052%
1.549	1.412	0.13677	-9.686%
1.536	1.412	0.12406	-8.786%
1.534	1.510	0.02433	-1.611%
1.556	1.510	0.04635	-3.069%
1.531	1.510	0.02084	-1.380%
1.542	1.510	0.03182	-2.107%
1.542	1.510	0.03165	-2.096%
1.548	1.510	0.03843	-2.545%
1.608	1.510	0.09785	-6.480%
1.567	1.510	0.05719	-3.787%
1.649	1.510	0.13882	-9.193%
1.646	1.510	0.13591	-9.000%
1.621	1.510	0.11068	-7.330%
1.034	1.510	0.47561	31.497%
1.031	1.510	0.47881	31.710%
1.034	1.510	0.47598	31.522%
1.041	1.510	0.46925	31.076%
2.097	1.510	0.58727	-38.892%
1.037	1.510	0.47290	31.318%
1.035	1.510	0.47504	31.459%
1.046	1.510	0.46447	30.759%
1.072	1.510	0.43849	29.039%
1.071	1.528	0.45665	29.886%
1.066	1.528	0.46165	30.213%
1.065	1.528	0.46301	30.302%
1.062	1.528	0.46637	30.522%
1.057	1.528	0.47072	30.806%
1.069	1.528	0.45862	30.015%
1.099	1.528	0.42913	28.084%
1.089	1.528	0.43905	28.733%
1.124	1.528	0.40449	26.472%
1.127	1.528	0.40079	26.229%
1.114	1.528	0.41414	27.103%
1.094	1.528	0.43419	28.416%
1.109	1.528	0.41857	27.393%
1.103	1.528	0.42501	27.815%
1.102	1.528	0.42637	27.904%
1.096	1.528	0.43191	28.267%
1.114	1.528	0.41376	27.078%
1.108	1.528	0.42009	27.493%
1.104	1.528	0.42404	27.751%
1.119	1.528	0.40926	26.784%
1.096	1.480	0.38445	25.976%
1.113	1.480	0.36664	24.773%
1.108	1.480	0.37209	25.141%
1.096	1.480	0.38378	25.931%
1.099	1.480	0.38085	25.733%
1.108	1.480	0.37164	25.111%
1.111	1.480	0.36863	24.908%
1.117	1.480	0.36332	24.549%
1.716	1.480	0.23603	-15.948%
1.710	1.480	0.23020	-15.554%
1.097	1.480	0.38341	25.906%
1.088	1.480	0.39243	26.515%
1.086	1.480	0.39420	26.635%
1.092	1.480	0.38758	26.188%
1.071	1.480	0.40863	27.610%
1.093	1.480	0.38707	26.153%
1.077	1.480	0.40346	27.261%
1.093	1.480	0.38668	26.127%
1.104	1.480	0.37645	25.435%
1.095	1.480	0.38471	25.994%
1.096	1.481	0.38452	25.963%
1.104	1.481	0.37650	25.422%
1.101	1.481	0.38028	25.677%
1.111	1.481	0.37038	25.009%
1.669	1.481	0.18801	-12.695%
1.702	1.481	0.22143	-14.951%
1.697	1.481	0.21639	-14.611%
1.669	1.481	0.18750	-12.661%
1.078	1.481	0.40266	27.188%
1.701	1.481	0.22006	-14.859%
1.587	1.481	0.10602	-7.159%
1.579	1.481	0.09802	-6.619%
1.575	1.481	0.09424	-6.364%
1.572	1.481	0.09067	-6.122%
1.597	1.481	0.11615	-7.843%
1.547	1.481	0.06568	-4.435%
1.558	1.481	0.07710	-5.206%
1.582	1.481	0.10110	-6.826%
1.574	1.481	0.09264	-6.255%
1.571	1.481	0.08987	-6.068%
1.577	1.443	0.13448	-9.319%
1.575	1.443	0.13200	-9.147%
1.555	1.443	0.11175	-7.744%
1.588	1.443	0.14462	-10.022%
1.576	1.443	0.13270	-9.196%
1.568	1.443	0.12488	-8.654%
1.578	1.443	0.13495	-9.352%
1.575	1.443	0.13228	-9.167%
1.595	1.443	0.15168	-10.512%
1.598	1.443	0.15455	-10.710%
1.610	1.443	0.16713	-11.582%
1.623	1.443	0.18000	-12.474%
1.628	1.443	0.18476	-12.804%
1.586	1.443	0.14271	-9.890%
1.561	1.443	0.11788	-8.169%
1.580	1.443	0.13701	-9.495%
1.603	1.443	0.15954	-11.056%
1.592	1.443	0.14919	-10.339%
1.609	1.443	0.16564	-11.479%
1.616	1.443	0.17275	-11.972%
1.636	1.439	0.19740	-13.718%
1.628	1.439	0.18910	-13.141%
1.632	1.439	0.19339	-13.439%
1.103	1.439	0.33596	23.347%
1.106	1.439	0.33345	23.173%
1.109	1.439	0.33022	22.948%
1.633	1.439	0.19384	-13.471%
1.624	1.439	0.18499	-12.856%
1.623	1.439	0.18396	-12.784%
1.620	1.439	0.18053	-12.546%
1.616	1.439	0.17684	-12.289%
1.615	1.439	0.17620	-12.245%
1.613	1.439	0.17450	-12.126%
1.604	1.439	0.16498	-11.465%
1.096	1.439	0.34316	23.847%
1.598	1.439	0.15943	-11.079%
1.583	1.439	0.14384	-9.996%
1.557	1.439	0.11816	-8.211%
1.555	1.439	0.11581	-8.048%
1.563	1.439	0.12371	-8.597%
1.584	1.437	0.14702	-10.231%
1.574	1.437	0.13724	-9.550%
1.677	1.437	0.24002	-16.703%
1.627	1.437	0.19011	-13.230%
1.595	1.437	0.15781	-10.982%
1.604	1.437	0.16693	-11.617%
1.620	1.437	0.18264	-12.709%
1.623	1.437	0.18614	-12.953%
2.099	1.437	0.66237	-46.094%
1.576	1.437	0.13942	-9.702%
1.656	1.437	0.21867	-15.217%
1.647	1.437	0.21007	-14.618%
2.101	1.437	0.66355	-46.176%
2.102	1.437	0.66490	-46.270%
1.555	1.437	0.11784	-8.200%
1.615	1.437	0.17797	-12.385%
1.114	1.437	0.32305	22.481%
2.077	1.437	0.63978	-44.522%
1.625	1.461	0.16415	-11.235%
1.636	1.461	0.17527	-11.997%
1.627	1.461	0.16599	-11.361%
1.634	1.461	0.17277	-11.825%
1.607	1.461	0.14579	-9.979%
1.612	1.461	0.15062	-10.309%
1.634	1.461	0.17324	-11.858%
1.646	1.461	0.18486	-12.653%
1.577	1.461	0.11637	-7.965%
1.633	1.461	0.17241	-11.801%
1.571	1.461	0.10974	-7.511%
1.567	1.461	0.10606	-7.260%
1.562	1.461	0.10107	-6.918%
1.570	1.461	0.10907	-7.465%
1.584	1.461	0.12273	-8.400%
1.535	1.461	0.07394	-5.061%
1.537	1.461	0.07611	-5.209%
1.562	1.461	0.10093	-6.908%
1.590	1.461	0.12860	-8.802%
1.068	1.461	0.39266	26.876%
1.609	1.552	0.05726	-3.689%
1.600	1.552	0.04768	-3.072%
1.644	1.552	0.09247	-5.958%
1.545	1.552	0.00652	0.420%
1.564	1.552	0.01235	-0.796%
1.016	1.552	0.53558	34.509%
1.047	1.552	0.50549	32.570%
1.098	1.552	0.45437	29.277%
1.080	1.552	0.47152	30.382%
1.581	1.552	0.02928	-1.887%
1.576	1.552	0.02374	-1.529%
1.587	1.552	0.03477	-2.241%
1.593	1.552	0.04072	-2.623%
1.573	1.552	0.02059	-1.327%
1.591	1.552	0.03870	-2.493%
1.098	1.552	0.45438	29.277%
1.078	1.552	0.47447	30.572%
1.092	1.552	0.45983	29.628%
1.099	1.552	0.45343	29.216%
1.101	1.552	0.45134	29.081%
1.117	1.564	0.44676	28.566%
1.074	1.564	0.48980	31.317%
1.078	1.564	0.48607	31.079%
1.094	1.564	0.46986	30.042%
1.101	1.564	0.46321	29.617%
1.082	1.564	0.48237	30.842%
1.593	1.564	0.02899	-1.854%
1.621	1.564	0.05656	-3.617%
1.089	1.564	0.47503	30.372%
1.085	1.564	0.47890	30.620%
1.081	1.564	0.48320	30.895%
1.088	1.564	0.47606	30.438%
1.089	1.564	0.47533	30.392%
1.591	1.564	0.02739	-1.751%
1.567	1.564	0.00295	-0.189%
1.578	1.564	0.01380	-0.883%
1.100	1.564	0.46378	29.653%
1.083	1.564	0.48075	30.738%
1.111	1.564	0.45286	28.956%
1.098	1.564	0.46637	29.819%
1.092	1.555	0.46258	29.748%
1.105	1.555	0.44980	28.926%
1.104	1.555	0.45139	29.029%
1.085	1.555	0.46973	30.208%
1.097	1.555	0.45794	29.450%
1.097	1.555	0.45780	29.440%
1.094	1.555	0.46137	29.670%
1.081	1.555	0.47360	30.456%
1.074	1.555	0.48095	30.929%
1.091	1.555	0.46412	29.847%
1.698	1.555	0.14324	-9.211%
1.629	1.555	0.07412	-4.766%
1.575	1.555	0.02032	-1.307%
1.560	1.555	0.00470	-0.302%
1.558	1.555	0.00312	-0.201%
1.589	1.555	0.03402	-2.188%
1.550	1.555	0.00524	0.337%
1.565	1.555	0.01006	-0.647%
1.547	1.555	0.00787	0.506%
1.581	1.555	0.02606	-1.676%
1.577	1.476	0.10132	-6.864%
1.545	1.476	0.06926	-4.692%
1.565	1.476	0.08866	-6.006%
1.572	1.476	0.09576	-6.488%
1.499	1.476	0.02276	-1.542%
1.521	1.476	0.04451	-3.016%
1.538	1.476	0.06163	-4.176%
1.076	1.476	0.40036	27.124%
1.593	1.476	0.11695	-7.924%
1.071	1.476	0.40526	27.457%
1.077	1.476	0.39891	27.027%
1.590	1.476	0.11429	-7.743%
1.595	1.476	0.11939	-8.089%
1.609	1.476	0.13310	-9.018%
1.090	1.476	0.38579	26.137%
1.098	1.476	0.37794	25.606%
1.611	1.476	0.13513	-9.155%
1.645	1.476	0.16915	-11.460%
1.641	1.476	0.16550	-11.213%
1.624	1.476	0.14827	-10.046%
1.123	1.434	0.31101	21.689%
1.110	1.434	0.32365	22.569%
1.086	1.434	0.34769	24.246%
1.105	1.434	0.32903	22.945%
1.106	1.434	0.32821	22.888%
1.110	1.434	0.32394	22.590%
1.097	1.434	0.33712	23.509%
1.106	1.434	0.32825	22.891%
1.086	1.434	0.34824	24.284%
1.089	1.434	0.34510	24.066%
1.107	1.434	0.32717	22.815%
1.626	1.434	0.19159	-13.361%
1.643	1.434	0.20928	-14.594%
1.644	1.434	0.20955	-14.613%
1.653	1.434	0.21944	-15.303%
1.674	1.434	0.24012	-16.745%
1.132	1.434	0.30185	21.049%
1.132	1.434	0.30245	21.091%
1.129	1.434	0.30518	21.282%
1.631	1.434	0.19671	-13.718%
2.072	1.434	0.63788	-44.483%
2.085	1.434	0.65104	-45.401%
2.082	1.434	0.64756	-45.158%
2.088	1.434	0.65432	-45.629%
1.651	1.434	0.21693	-15.128%
1.636	1.434	0.20174	-14.068%
1.105	1.434	0.32863	22.917%
1.111	1.434	0.32333	22.547%
1.124	1.434	0.30950	21.583%
1.134	1.434	0.29957	20.891%
1.654	1.434	0.22025	-15.359%
1.625	1.434	0.19089	-13.312%
1.644	1.434	0.21040	-14.672%
1.624	1.434	0.18972	-13.230%
1.622	1.434	0.18850	-13.145%
1.624	1.434	0.18975	-13.232%
1.629	1.434	0.19514	-13.608%
1.635	1.434	0.20076	-14.000%
1.632	1.434	0.19848	-13.841%
1.625	1.419	0.20599	-14.517%
1.627	1.419	0.20826	-14.677%
1.624	1.419	0.20538	-14.474%
1.607	1.419	0.18830	-13.270%
1.600	1.419	0.18098	-12.754%
1.112	1.419	0.30737	21.661%
1.083	1.419	0.33645	23.710%
1.106	1.419	0.31297	22.056%
1.095	1.419	0.32354	22.800%
1.632	1.419	0.21322	-15.026%
1.626	1.419	0.20716	-14.599%
1.102	1.419	0.31654	22.307%
1.656	1.419	0.23721	-16.717%
1.631	1.419	0.21205	-14.944%
1.619	1.419	0.19965	-14.070%
1.604	1.419	0.18522	-13.053%
1.607	1.419	0.18769	-13.227%
1.612	1.419	0.19271	-13.580%
1.627	1.419	0.20788	-14.649%
1.625	1.419	0.20615	-14.528%
1.618	1.486	0.13218	-8.895%
1.618	1.486	0.13229	-8.902%
1.602	1.486	0.11627	-7.824%
1.580	1.486	0.09398	-6.324%
1.589	1.486	0.10322	-6.946%
1.630	1.486	0.14423	-9.706%
1.635	1.486	0.14935	-10.050%
1.637	1.486	0.15112	-10.169%
1.621	1.486	0.13539	-9.111%
1.618	1.486	0.13222	-8.897%
1.592	1.486	0.10596	-7.130%
1.550	1.486	0.06399	-4.306%
1.532	1.486	0.04637	-3.120%
1.567	1.486	0.08099	-5.450%
1.563	1.486	0.07690	-5.175%
1.604	1.486	0.11805	-7.944%
1.626	1.486	0.14035	-9.445%
1.592	1.486	0.10574	-7.116%
1.599	1.486	0.11320	-7.618%
1.600	1.486	0.11409	-7.677%
1.630	1.480	0.15034	-10.158%
1.633	1.480	0.15345	-10.369%
1.571	1.480	0.09125	-6.165%
1.611	1.480	0.13133	-8.873%
1.601	1.480	0.12138	-8.202%
1.555	1.480	0.07476	-5.051%
1.557	1.480	0.07703	-5.205%
1.565	1.480	0.08519	-5.756%
1.580	1.480	0.10042	-6.785%
1.564	1.480	0.08443	-5.705%
1.564	1.480	0.08385	-5.666%
1.563	1.480	0.08255	-5.578%
1.546	1.480	0.06582	-4.447%
1.554	1.480	0.07379	-4.986%
1.528	1.480	0.04833	-3.265%
1.538	1.480	0.05816	-3.930%
1.560	1.480	0.07992	-5.400%
1.549	1.480	0.06949	-4.695%
1.561	1.480	0.08146	-5.504%
1.593	1.480	0.11273	-7.617%
1.586	1.595	0.00871	0.546%
1.543	1.595	0.05218	3.271%
1.059	1.595	0.53645	33.634%
1.064	1.595	0.53097	33.290%
1.076	1.595	0.51930	32.558%
1.568	1.595	0.02688	1.685%
1.095	1.595	0.49964	31.325%
1.608	1.595	0.01267	-0.794%
1.665	1.595	0.06990	-4.383%
1.664	1.595	0.06934	-4.348%
1.672	1.595	0.07745	-4.856%
1.658	1.595	0.06301	-3.951%
1.633	1.595	0.03838	-2.406%
1.631	1.595	0.03583	-2.247%
1.585	1.595	0.01022	0.640%
1.590	1.595	0.00511	0.320%
1.604	1.595	0.00852	-0.534%
1.628	1.595	0.03325	-2.085%
1.606	1.595	0.01077	-0.675%
1.581	1.595	0.01434	0.899%
1.612	1.543	0.06881	-4.459%
1.591	1.543	0.04835	-3.134%
1.599	1.543	0.05601	-3.630%
1.589	1.543	0.04585	-2.972%
1.589	1.543	0.04595	-2.978%
1.598	1.543	0.05465	-3.542%
1.592	1.543	0.04926	-3.192%
1.563	1.543	0.01975	-1.280%
1.577	1.543	0.03378	-2.189%
1.605	1.543	0.06218	-4.030%
1.598	1.543	0.05459	-3.538%
1.592	1.543	0.04851	-3.144%
1.584	1.543	0.04109	-2.663%
1.579	1.543	0.03571	-2.314%
1.654	1.543	0.11144	-7.222%
1.588	1.543	0.04523	-2.931%
1.603	1.543	0.05957	-3.860%
1.623	1.543	0.07957	-5.157%
1.567	1.543	0.02371	-1.536%
1.582	1.543	0.03937	-2.551%
1.592	1.445	0.14697	-10.171%
1.540	1.445	0.09453	-6.542%
1.535	1.445	0.08997	-6.226%
1.534	1.445	0.08899	-6.158%
1.048	1.445	0.39669	27.453%
1.574	1.445	0.12879	-8.913%
1.089	1.445	0.35579	24.622%
1.107	1.445	0.33766	23.367%
1.113	1.445	0.33215	22.986%
2.068	1.445	0.62309	-43.121%
2.069	1.445	0.62422	-43.198%
2.064	1.445	0.61902	-42.839%
2.065	1.445	0.62035	-42.931%
1.635	1.445	0.19006	-13.153%
1.631	1.445	0.18645	-12.903%
1.633	1.445	0.18758	-12.981%
1.618	1.445	0.17266	-11.949%
1.635	1.445	0.18962	-13.123%
1.642	1.445	0.19670	-13.613%
1.660	1.445	0.21547	-14.911%
1.667	1.445	0.22187	-15.354%
1.672	1.445	0.22750	-15.744%
1.673	1.445	0.22773	-15.760%
2.066	1.445	0.62062	-42.950%
2.061	1.445	0.61582	-42.617%
1.646	1.445	0.20052	-13.877%
1.649	1.445	0.20430	-14.138%
1.630	1.445	0.18514	-12.812%
2.082	1.445	0.63721	-44.098%
1.624	1.445	0.17919	-12.401%
1.628	1.445	0.18276	-12.647%
1.124	1.445	0.32096	22.212%
1.107	1.445	0.33825	23.408%
1.128	1.450	0.32233	22.230%
1.123	1.450	0.32651	22.518%
1.124	1.450	0.32621	22.497%
1.092	1.450	0.35837	24.715%
1.084	1.450	0.36640	25.269%
1.572	1.450	0.12229	-8.434%
2.075	1.450	0.62536	-43.128%
2.066	1.450	0.61582	-42.470%
2.070	1.450	0.61992	-42.753%
2.069	1.450	0.61922	-42.705%
1.640	1.450	0.19046	-13.135%
1.105	1.450	0.34480	23.779%
1.110	1.450	0.34026	23.466%
1.632	1.450	0.18249	-12.586%
1.613	1.450	0.16312	-11.249%
1.608	1.450	0.15764	-10.871%
1.611	1.462	0.14876	-10.175%
1.656	1.462	0.19397	-13.268%
1.587	1.462	0.12497	-8.548%
1.572	1.462	0.11008	-7.529%
1.539	1.462	0.07698	-5.265%
1.560	1.462	0.09755	-6.672%
1.555	1.462	0.09290	-6.355%
1.554	1.462	0.09246	-6.324%
1.567	1.462	0.10485	-7.172%
1.590	1.462	0.12759	-8.727%
1.571	1.462	0.10902	-7.457%
1.560	1.462	0.09829	-6.723%
1.530	1.462	0.06819	-4.664%
1.582	1.462	0.11980	-8.194%
1.571	1.462	0.10876	-7.439%
1.552	1.462	0.09041	-6.184%
1.580	1.462	0.11775	-8.054%
1.546	1.462	0.08357	-5.716%
1.520	1.462	0.05778	-3.952%
1.493	1.462	0.03125	-2.138%
1.523	1.232	0.29115	-23.632%
1.539	1.232	0.30665	-24.891%
1.482	1.232	0.25025	-20.312%
1.451	1.232	0.21862	-17.745%
1.473	1.232	0.24099	-19.561%
1.478	1.232	0.24580	-19.951%
1.450	1.232	0.21770	-17.670%
1.462	1.232	0.22991	-18.661%
1.480	1.232	0.24776	-20.110%
1.486	1.232	0.25382	-20.602%
1.456	1.232	0.22386	-18.171%
1.399	1.232	0.16718	-13.570%
1.444	1.232	0.21214	-17.219%
1.491	1.232	0.25930	-21.047%
1.490	1.232	0.25833	-20.968%
1.463	1.232	0.23128	-18.772%
1.464	1.232	0.23185	-18.819%
1.460	1.232	0.22786	-18.495%
1.379	1.232	0.14657	-11.897%
1.367	1.232	0.13527	-10.980%
1.318	1.463	0.14532	9.933%
1.342	1.463	0.12090	8.264%
1.381	1.463	0.08234	5.628%
1.408	1.463	0.05469	3.738%
1.450	1.463	0.01320	0.902%
1.529	1.463	0.06557	-4.482%
1.500	1.463	0.03718	-2.541%
1.459	1.463	0.00447	0.305%
1.459	1.463	0.00448	0.306%
1.438	1.463	0.02506	1.713%
1.423	1.463	0.04013	2.743%
1.359	1.463	0.10411	7.116%
1.375	1.463	0.08849	6.048%
1.442	1.463	0.02085	1.425%
1.510	1.463	0.04750	-3.246%
1.503	1.463	0.03996	-2.732%
1.618	1.463	0.15528	-10.614%
1.634	1.463	0.17139	-11.715%
1.704	1.463	0.24144	-16.503%
1.717	1.463	0.25444	-17.391%
1.753	1.620	0.13279	-8.197%
1.762	1.620	0.14226	-8.781%
1.561	1.620	0.05938	3.665%
1.591	1.620	0.02868	1.770%
2.135	1.620	0.51486	-31.781%
1.696	1.620	0.07559	-4.666%
0.999	1.620	0.62079	38.320%
1.002	1.620	0.61840	38.173%
1.006	1.620	0.61432	37.921%
1.008	1.620	0.61226	37.794%
1.025	1.620	0.59512	36.736%
1.021	1.620	0.59866	36.954%
2.083	1.620	0.46336	-28.603%
2.162	1.710	0.45243	-26.458%
2.181	1.710	0.47109	-27.549%
2.168	1.710	0.45776	-26.770%
2.202	1.710	0.49236	-28.793%
2.198	1.710	0.48773	-28.522%
2.130	1.710	0.41963	-24.540%
2.156	1.710	0.44619	-26.093%
2.168	1.710	0.45785	-26.775%
1.737	1.710	0.02651	-1.550%
1.767	1.710	0.05741	-3.357%
1.745	1.710	0.03495	-2.044%
1.764	1.710	0.05361	-3.135%
1.746	1.710	0.03615	-2.114%
1.776	1.710	0.06596	-3.858%
1.797	1.710	0.08735	-5.108%
1.106	1.710	0.60434	35.341%
1.117	1.710	0.59317	34.689%
1.155	1.860	0.70524	37.916%
1.142	1.860	0.71766	38.584%
1.137	1.860	0.72296	38.869%
1.148	1.860	0.71190	38.274%
1.134	1.860	0.72616	39.041%
1.097	1.860	0.76306	41.025%
1.095	1.860	0.76491	41.124%
1.151	1.860	0.70883	38.109%
2.141	2.160	0.01864	0.863%
2.141	2.160	0.01931	0.894%
1.125	2.160	1.03508	47.920%
1.182	2.160	0.97814	45.284%
1.126	2.160	1.03387	47.864%
1.183	2.160	0.97701	45.232%
1.178	2.160	0.98217	45.471%
1.164	2.160	0.99598	46.110%
1.151	2.160	1.00879	46.703%
1.156	2.160	1.00416	46.489%
2.115	2.160	0.04546	2.105%
2.118	2.160	0.04183	1.937%
2.126	2.160	0.03388	1.568%
2.133	2.160	0.02680	1.241%
2.143	2.160	0.01712	0.793%
2.146	2.160	0.01374	0.636%
2.153	2.160	0.00711	0.329%
2.156	2.160	0.00429	0.198%
2.158	2.160	0.00243	0.112%
2.150	2.160	0.01046	0.484%
2.148	2.160	0.01209	0.560%
2.116	1.600	0.51554	-32.221%
2.153	1.600	0.55310	-34.569%
2.137	1.600	0.53690	-33.556%
2.153	1.600	0.55273	-34.545%
2.138	1.600	0.53823	-33.639%
2.165	1.600	0.56541	-35.338%
1.812	1.600	0.21184	-13.240%
1.722	1.600	0.12181	-7.613%
2.271	1.600	0.67078	-41.924%
1.762	1.600	0.16173	-10.108%
1.014	1.716	0.70221	40.921%
1.695	1.716	0.02106	1.227%
1.671	1.716	0.04545	2.648%
1.683	1.716	0.03337	1.944%
1.671	1.716	0.04514	2.631%
2.150	1.716	0.43439	-25.314%
2.141	1.716	0.42487	-24.759%
1.552	1.716	0.16447	9.585%
1.526	1.716	0.18969	11.054%
1.509	1.716	0.20660	12.040%
1.505	1.716	0.21068	12.277%
1.570	1.716	0.14573	8.492%
1.548	1.716	0.16780	9.779%
1.542	1.716	0.17414	10.148%
1.552	1.716	0.16382	9.547%
1.520	1.716	0.19554	11.395%
1.548	1.716	0.16806	9.794%
1.451	1.496	0.04467	2.986%
1.408	1.496	0.08785	5.873%
1.407	1.496	0.08903	5.951%
1.505	1.496	0.00887	-0.593%
1.506	1.496	0.01047	-0.700%
1.416	1.496	0.07964	5.323%
1.422	1.496	0.07362	4.921%
1.399	1.496	0.09713	6.492%
1.363	1.496	0.13306	8.894%
1.406	1.496	0.09005	6.019%
1.427	1.496	0.06943	4.641%
1.258	1.496	0.23787	15.901%
1.232	1.496	0.26365	17.624%
1.249	1.496	0.24739	16.537%
1.282	1.496	0.21432	14.326%
1.304	1.496	0.19247	12.866%
1.311	1.496	0.18490	12.360%
1.312	1.496	0.18443	12.328%
1.373	1.496	0.12347	8.253%
1.364	1.496	0.13182	8.811%
1.383	1.420	0.03706	2.610%
1.380	1.420	0.04020	2.831%
1.362	1.420	0.05760	4.056%
1.384	1.420	0.03592	2.530%
1.346	1.420	0.07378	5.196%
1.333	1.420	0.08663	6.101%
1.334	1.420	0.08641	6.085%
1.351	1.420	0.06876	4.842%
1.363	1.420	0.05733	4.037%
1.351	1.420	0.06902	4.861%
1.372	1.420	0.04830	3.402%
1.384	1.420	0.03626	2.553%
1.385	1.420	0.03460	2.437%
1.394	1.420	0.02581	1.818%
1.394	1.420	0.02620	1.845%
1.386	1.420	0.03382	2.382%
1.317	1.420	0.10336	7.279%
1.413	1.420	0.00663	0.467%
1.433	1.420	0.01336	-0.941%
1.454	1.420	0.03381	-2.381%
1.436	1.481	0.04488	3.031%
1.441	1.481	0.04013	2.709%
1.453	1.481	0.02759	1.863%
1.500	1.481	0.01850	-1.249%
1.499	1.481	0.01843	-1.244%
1.500	1.481	0.01908	-1.288%
1.470	1.481	0.01109	0.749%
1.482	1.481	0.00052	-0.035%
1.436	1.481	0.04512	3.047%
1.460	1.481	0.02072	1.399%
1.521	1.481	0.03956	-2.671%
1.516	1.481	0.03460	-2.336%
1.482	1.481	0.00109	-0.073%
1.503	1.481	0.02186	-1.476%
1.533	1.481	0.05216	-3.522%
1.567	1.481	0.08575	-5.790%
1.567	1.481	0.08555	-5.777%
1.594	1.481	0.11292	-7.625%
1.600	1.481	0.11946	-8.066%
1.590	1.481	0.10928	-7.379%
1.637	1.620	0.01662	-1.026%
1.637	1.620	0.01707	-1.054%
1.659	1.620	0.03929	-2.425%
1.645	1.620	0.02480	-1.531%
1.665	1.620	0.04489	-2.771%
1.693	1.620	0.07301	-4.507%
1.052	1.620	0.56815	35.071%
1.582	1.620	0.03805	2.348%
1.017	1.620	0.60350	37.253%
1.083	1.620	0.53747	33.177%
1.108	1.620	0.51233	31.625%
1.739	1.620	0.11863	-7.323%
1.110	1.620	0.50972	31.464%
1.020	1.620	0.60004	37.040%
1.116	1.620	0.50442	31.137%
1.112	1.620	0.50772	31.341%
1.105	1.620	0.51494	31.786%
1.122	1.620	0.49777	30.727%
1.117	1.620	0.50269	31.030%
1.115	1.620	0.50498	31.171%
1.097	1.678	0.58109	34.630%
1.136	1.678	0.54238	32.323%
1.127	1.678	0.55096	32.834%
1.095	1.678	0.58300	34.744%
1.119	1.678	0.55862	33.291%
1.119	1.678	0.55870	33.296%
1.115	1.678	0.56254	33.524%
1.112	1.678	0.56565	33.710%
1.097	1.678	0.58115	34.633%
1.101	1.678	0.57666	34.366%
1.103	1.678	0.57491	34.262%
1.103	1.678	0.57545	34.294%
1.116	1.678	0.56233	33.512%
1.121	1.678	0.55741	33.219%
1.123	1.678	0.55503	33.077%
1.112	1.678	0.56611	33.737%
1.110	1.678	0.56815	33.859%
1.116	1.678	0.56224	33.507%
1.762	1.678	0.08421	-5.018%
1.098	1.678	0.57994	34.561%
1.114	1.678	0.56416	33.621%
1.118	1.678	0.55958	33.348%
1.125	1.678	0.55256	32.930%
1.125	1.678	0.55347	32.984%
1.119	1.678	0.55925	33.329%
1.095	1.678	0.58296	34.741%
1.086	1.678	0.59189	35.273%
1.086	1.678	0.59174	35.265%
1.111	1.678	0.56650	33.760%
1.117	1.678	0.56122	33.446%
1.104	1.678	0.57377	34.194%
1.116	1.678	0.56220	33.504%
1.114	1.678	0.56369	33.593%
1.115	1.678	0.56281	33.541%
1.114	1.678	0.56407	33.616%
1.126	1.677	0.55061	32.833%
1.097	1.677	0.57954	34.558%
1.079	1.677	0.59838	35.682%
1.076	1.677	0.60117	35.848%
1.076	1.677	0.60079	35.825%
1.088	1.677	0.58871	35.105%
1.098	1.677	0.57932	34.545%
1.109	1.677	0.56767	33.850%
1.121	1.677	0.55645	33.181%
1.133	1.677	0.54403	32.441%
1.110	1.677	0.56654	33.783%
1.116	1.677	0.56108	33.457%
1.110	1.677	0.56709	33.815%
1.132	1.677	0.54462	32.476%
1.123	1.677	0.55390	33.029%
1.118	1.677	0.55861	33.310%
1.119	1.679	0.56044	33.379%
1.132	1.679	0.54661	32.556%
1.075	1.679	0.60428	35.991%
1.091	1.679	0.58789	35.014%
1.077	1.679	0.60208	35.860%
1.070	1.679	0.60905	36.274%
1.082	1.679	0.59675	35.542%
1.102	1.679	0.57703	34.368%
1.110	1.679	0.56913	33.897%
1.107	1.679	0.57194	34.064%
1.105	1.679	0.57437	34.209%
1.122	1.679	0.55712	33.181%
1.106	1.679	0.57252	34.099%
1.111	1.679	0.56774	33.814%
1.105	1.679	0.57390	34.181%
1.099	1.679	0.58030	34.562%
1.101	1.679	0.57783	34.415%
1.108	1.679	0.57099	34.008%
1.102	1.679	0.57660	34.342%
1.093	1.679	0.58645	34.929%
1.099	1.677	0.57832	34.485%
1.094	1.677	0.58318	34.775%
1.097	1.677	0.58030	34.603%
1.097	1.677	0.57951	34.556%
1.098	1.677	0.57937	34.548%
1.106	1.677	0.57111	34.056%
1.104	1.677	0.57265	34.147%
1.102	1.677	0.57505	34.290%
1.095	1.677	0.58192	34.700%
1.717	1.677	0.04040	-2.409%
1.727	1.677	0.04982	-2.971%
1.708	1.677	0.03123	-1.862%
1.710	1.677	0.03314	-1.976%
1.722	1.677	0.04509	-2.689%
1.726	1.677	0.04891	-2.917%
1.720	1.677	0.04279	-2.552%
1.605	1.677	0.07245	4.320%
1.617	1.677	0.05959	3.553%
1.734	1.677	0.05739	-3.422%
1.724	1.680	0.04438	-2.642%
1.710	1.680	0.03025	-1.800%
1.727	1.680	0.04734	-2.818%
1.732	1.680	0.05228	-3.112%
1.108	1.680	0.57195	34.045%
1.090	1.680	0.59028	35.136%
1.099	1.680	0.58079	34.571%
1.099	1.680	0.58053	34.556%
1.087	1.680	0.59254	35.270%
1.086	1.680	0.59418	35.368%
1.094	1.680	0.58606	34.885%
1.084	1.680	0.59574	35.461%
1.094	1.680	0.58577	34.868%
1.095	1.680	0.58492	34.817%
1.103	1.680	0.57680	34.334%
1.093	1.680	0.58713	34.948%
1.113	1.680	0.56680	33.738%
1.111	1.680	0.56900	33.869%
1.132	1.680	0.54760	32.596%
1.115	1.680	0.56453	33.603%
1.104	1.709	0.60482	35.390%
1.724	1.709	0.01465	-0.857%
1.078	1.709	0.63147	36.950%
1.084	1.709	0.62450	36.542%
1.101	1.709	0.60786	35.568%
1.106	1.709	0.60293	35.280%
1.110	1.709	0.59859	35.026%
1.100	1.709	0.60871	35.618%
1.086	1.709	0.62339	36.477%
1.091	1.709	0.61771	36.144%
1.092	1.709	0.61702	36.104%
1.074	1.709	0.63472	37.140%
1.074	1.709	0.63496	37.154%
1.106	1.709	0.60264	35.263%
1.099	1.709	0.61014	35.702%
1.118	1.729	0.61105	35.341%
1.113	1.729	0.61644	35.653%
1.115	1.729	0.61449	35.540%
1.115	1.729	0.61357	35.487%
1.106	1.729	0.62312	36.039%
1.117	1.729	0.61249	35.425%
1.125	1.664	0.53910	32.398%
1.129	1.664	0.53456	32.125%
1.127	1.664	0.53721	32.284%
1.120	1.664	0.54425	32.708%
1.089	1.664	0.57512	34.562%
1.142	1.664	0.52197	31.368%
1.097	1.682	0.58536	34.801%
1.132	1.682	0.55019	32.710%
1.139	1.682	0.54311	32.289%
1.111	1.682	0.57123	33.961%
1.085	1.682	0.59741	35.518%
1.099	1.682	0.58252	34.633%
1.093	1.682	0.58943	35.043%
1.108	1.682	0.57443	34.152%
1.110	1.682	0.57198	34.006%
1.113	1.682	0.56901	33.829%
1.107	1.682	0.57541	34.210%
1.111	1.682	0.57115	33.956%
1.119	1.682	0.56347	33.500%
1.117	1.682	0.56499	33.590%
1.127	1.682	0.55529	33.014%
1.137	1.682	0.54505	32.405%
1.139	1.682	0.54315	32.292%
1.152	1.682	0.52980	31.498%
1.137	1.658	0.52085	31.414%
1.645	1.658	0.01287	0.776%
1.100	1.658	0.55751	33.626%
1.095	1.658	0.56299	33.956%
1.111	1.658	0.54678	32.978%
1.100	1.658	0.55776	33.640%
1.121	1.658	0.53715	32.397%
1.122	1.658	0.53632	32.347%
1.133	1.658	0.52500	31.664%
1.138	1.658	0.52017	31.373%
1.138	1.658	0.51957	31.337%
1.128	1.658	0.52995	31.963%
1.120	1.658	0.53820	32.461%
1.104	1.658	0.55440	33.438%
1.100	1.658	0.55800	33.655%
1.096	1.658	0.56239	33.920%
1.091	1.658	0.56691	34.192%
1.101	1.658	0.55749	33.624%
1.119	1.658	0.53924	32.523%
1.100	1.658	0.55841	33.680%
1.101	1.658	0.55729	33.612%
1.108	1.658	0.54972	33.155%
1.109	1.658	0.54869	33.093%
1.119	1.658	0.53917	32.519%
1.116	1.658	0.54224	32.705%
1.109	1.658	0.54879	33.100%
1.738	1.658	0.07957	-4.799%
1.100	1.658	0.55768	33.636%
1.088	1.658	0.57047	34.407%
1.076	1.658	0.58231	35.121%
1.088	1.658	0.56991	34.373%
1.727	1.658	0.06910	-4.167%
1.092	1.658	0.56573	34.122%
1.095	1.658	0.56344	33.983%
1.703	1.662	0.04124	-2.481%
1.092	1.662	0.57047	34.324%
1.091	1.662	0.57112	34.363%
1.104	1.662	0.55808	33.579%
1.110	1.662	0.55192	33.208%
1.102	1.662	0.55998	33.693%
1.094	1.662	0.56765	34.154%
1.090	1.662	0.57158	34.391%
1.100	1.662	0.56230	33.833%
1.109	1.662	0.55303	33.275%
1.070	1.662	0.59156	35.594%
1.104	1.662	0.55842	33.599%
1.095	1.662	0.56675	34.100%
1.094	1.662	0.56809	34.181%
1.093	1.662	0.56937	34.258%
1.112	1.662	0.54970	33.074%
1.092	1.662	0.56966	34.276%
1.116	1.662	0.54606	32.856%
1.112	1.662	0.54987	33.085%
1.111	1.662	0.55106	33.157%
1.110	1.662	0.55169	33.194%
1.122	1.662	0.54032	32.510%
1.124	1.662	0.53818	32.381%
1.113	1.662	0.54886	33.024%
1.111	1.662	0.55112	33.160%
1.108	1.662	0.55444	33.360%
1.100	1.662	0.56179	33.802%
1.114	1.662	0.54831	32.991%
1.124	1.662	0.53796	32.368%
1.118	1.662	0.54374	32.716%
1.103	1.662	0.55887	33.626%
1.111	1.662	0.55064	33.131%
1.112	1.662	0.54976	33.078%
1.137	1.662	0.52501	31.589%
1.147	1.662	0.51488	30.980%
1.110	1.662	0.55221	33.226%
1.097	1.662	0.56523	34.009%
1.116	1.662	0.54607	32.856%
1.093	1.662	0.56932	34.255%
1.100	1.664	0.56356	33.868%
1.109	1.664	0.55452	33.324%
1.126	1.664	0.53752	32.303%
1.125	1.664	0.53937	32.414%
1.131	1.664	0.53262	32.009%
1.144	1.664	0.52042	31.275%
1.125	1.664	0.53918	32.403%
1.122	1.664	0.54211	32.579%
1.112	1.664	0.55217	33.183%
1.127	1.664	0.53732	32.291%
1.117	1.664	0.54745	32.899%
1.128	1.664	0.53641	32.236%
1.110	1.664	0.55368	33.274%
1.102	1.664	0.56214	33.782%
1.108	1.664	0.55632	33.433%
1.112	1.664	0.55172	33.156%
1.115	1.664	0.54939	33.016%
1.106	1.664	0.55787	33.526%
1.108	1.664	0.55576	33.399%
1.098	1.664	0.56563	33.992%
1.115	1.657	0.54225	32.725%
1.125	1.657	0.53185	32.097%
1.092	1.657	0.56480	34.086%
1.115	1.657	0.54163	32.687%
1.106	1.657	0.55121	33.266%
1.099	1.657	0.55832	33.695%
1.080	1.657	0.57740	34.846%
1.088	1.657	0.56941	34.364%
1.094	1.657	0.56257	33.951%
1.099	1.657	0.55766	33.655%
1.097	1.657	0.56013	33.804%
1.084	1.657	0.57303	34.582%
1.102	1.657	0.55471	33.477%
1.120	1.657	0.53727	32.425%
1.113	1.657	0.54432	32.850%
1.133	1.657	0.52367	31.604%
1.126	1.657	0.53147	32.074%
1.133	1.657	0.52362	31.601%
1.122	1.662	0.54021	32.504%
1.722	1.662	0.05959	-3.585%
1.731	1.662	0.06906	-4.155%
1.736	1.662	0.07421	-4.465%
1.752	1.662	0.09035	-5.436%
1.730	1.662	0.06818	-4.102%
1.717	1.662	0.05499	-3.309%
1.721	1.662	0.05882	-3.539%
1.732	1.662	0.06955	-4.185%
1.737	1.662	0.07486	-4.504%
1.720	1.662	0.05759	-3.465%
1.094	1.662	0.56813	34.184%
1.082	1.662	0.57956	34.871%
1.106	1.662	0.55586	33.446%
1.120	1.662	0.54194	32.608%
1.104	1.662	0.55787	33.566%
1.125	1.662	0.53666	32.290%
1.110	1.662	0.55154	33.185%
1.098	1.662	0.56421	33.947%
1.108	1.662	0.55414	33.342%
1.121	1.646	0.52455	31.868%
1.737	1.646	0.09138	-5.552%
1.734	1.646	0.08819	-5.358%
1.717	1.646	0.07138	-4.336%
1.725	1.646	0.07855	-4.772%
1.728	1.646	0.08188	-4.974%
1.716	1.646	0.07007	-4.257%
1.708	1.646	0.06226	-3.782%
1.711	1.646	0.06525	-3.964%
1.720	1.646	0.07411	-4.502%
1.697	1.646	0.05102	-3.100%
1.677	1.646	0.03113	-1.891%
1.685	1.646	0.03855	-2.342%
1.669	1.646	0.02317	-1.408%
1.707	1.646	0.06065	-3.685%
1.727	1.646	0.08072	-4.904%
1.672	1.646	0.02568	-1.560%
1.680	1.646	0.03372	-2.049%
1.696	1.646	0.04988	-3.030%
1.709	1.646	0.06255	-3.800%
1.697	1.607	0.09027	-5.617%
1.699	1.607	0.09200	-5.725%
1.696	1.607	0.08921	-5.551%
1.678	1.607	0.07080	-4.406%
1.645	1.607	0.03790	-2.359%
1.653	1.607	0.04644	-2.890%
1.631	1.607	0.02389	-1.486%
1.072	1.607	0.53549	33.322%
1.079	1.607	0.52760	32.832%
1.084	1.607	0.52310	32.552%
1.624	1.607	0.01749	-1.088%
1.650	1.607	0.04323	-2.690%
1.114	1.607	0.49274	30.662%
1.110	1.607	0.49701	30.928%
1.065	1.607	0.54237	33.750%
1.103	1.607	0.50426	31.379%
1.093	1.607	0.51424	32.000%
1.106	1.607	0.50148	31.206%
1.111	1.666	0.55548	33.342%
1.126	1.666	0.53988	32.406%
1.125	1.666	0.54133	32.493%
1.121	1.666	0.54491	32.708%
1.121	1.666	0.54495	32.710%
1.123	1.666	0.54345	32.620%
1.123	1.666	0.54340	32.617%
1.110	1.666	0.55590	33.367%
1.115	1.666	0.55139	33.096%
1.126	1.666	0.54049	32.442%
1.103	1.666	0.56317	33.804%
1.098	1.666	0.56817	34.104%
1.096	1.666	0.56977	34.200%
1.661	1.666	0.00482	0.289%
1.652	1.666	0.01435	0.861%
1.672	1.666	0.00603	-0.362%
1.639	1.666	0.02728	1.638%
1.599	1.666	0.06713	4.029%
1.605	1.666	0.06102	3.663%
1.581	1.626	0.04472	2.750%
1.638	1.626	0.01208	-0.743%
1.644	1.626	0.01787	-1.099%
1.659	1.626	0.03340	-2.054%
1.659	1.626	0.03320	-2.042%
1.690	1.626	0.06355	-3.909%
1.697	1.626	0.07086	-4.358%
1.701	1.626	0.07501	-4.613%
1.700	1.626	0.07436	-4.573%
1.718	1.626	0.09170	-5.640%
1.124	1.626	0.50186	30.864%
1.736	1.626	0.10954	-6.737%
1.702	1.626	0.07572	-4.657%
1.722	1.626	0.09612	-5.911%
1.713	1.626	0.08733	-5.371%
1.727	1.626	0.10143	-6.238%
1.110	1.626	0.51613	31.742%
1.089	1.626	0.53662	33.002%
1.097	1.626	0.52861	32.510%
1.618	1.626	0.00778	0.479%
1.617	1.633	0.01613	0.988%
1.634	1.633	0.00063	-0.039%
1.626	1.633	0.00663	0.406%
1.106	1.633	0.52736	32.294%
1.110	1.633	0.52286	32.018%
1.101	1.633	0.53155	32.551%
1.102	1.633	0.53140	32.541%
1.083	1.633	0.55041	33.705%
1.086	1.633	0.54652	33.467%
1.118	1.633	0.51525	31.552%
1.122	1.633	0.51094	31.289%
1.118	1.633	0.51524	31.552%
1.099	1.633	0.53387	32.693%
1.125	1.633	0.50787	31.101%
1.118	1.633	0.51510	31.543%
1.121	1.633	0.51238	31.377%
1.100	1.633	0.53259	32.614%
1.621	1.633	0.01168	0.715%
1.613	1.633	0.01968	1.205%
1.709	1.633	0.07629	-4.672%
1.688	1.584	0.10439	-6.590%
1.708	1.584	0.12422	-7.842%
1.675	1.584	0.09052	-5.715%
1.648	1.584	0.06400	-4.040%
1.661	1.584	0.07693	-4.857%
1.589	1.584	0.00490	-0.309%
1.575	1.584	0.00946	0.597%
1.601	1.584	0.01702	-1.074%
1.595	1.584	0.01104	-0.697%
1.602	1.584	0.01823	-1.151%
1.600	1.584	0.01630	-1.029%
1.620	1.584	0.03619	-2.285%
1.631	1.584	0.04668	-2.947%
1.664	1.584	0.08000	-5.050%
1.662	1.584	0.07806	-4.928%
1.654	1.584	0.07032	-4.439%
1.662	1.584	0.07814	-4.933%
1.644	1.584	0.06002	-3.789%
1.637	1.584	0.05309	-3.352%
1.672	1.584	0.08765	-5.534%
1.660	1.496	0.16395	-10.959%
1.670	1.496	0.17374	-11.614%
1.638	1.496	0.14152	-9.460%
1.559	1.496	0.06274	-4.194%
1.539	1.496	0.04333	-2.897%
1.561	1.496	0.06548	-4.377%
1.578	1.496	0.08248	-5.514%
1.591	1.496	0.09499	-6.350%
1.615	1.496	0.11905	-7.958%
1.625	1.496	0.12872	-8.605%
1.640	1.496	0.14421	-9.640%
1.638	1.496	0.14164	-9.468%
1.655	1.496	0.15893	-10.624%
1.637	1.496	0.14130	-9.445%
1.641	1.496	0.14451	-9.660%
1.677	1.496	0.18105	-12.102%
1.697	1.496	0.20095	-13.433%
1.692	1.496	0.19592	-13.097%
1.688	1.496	0.19163	-12.810%
1.697	1.496	0.20121	-13.450%
1.687	1.525	0.16236	-10.647%
1.707	1.525	0.18161	-11.909%
1.712	1.525	0.18692	-12.257%
1.666	1.525	0.14125	-9.263%
1.044	1.525	0.48133	31.563%
1.601	1.525	0.07595	-4.980%
1.050	1.525	0.47539	31.173%
1.652	1.525	0.12708	-8.333%
1.652	1.525	0.12728	-8.346%
1.647	1.525	0.12199	-7.999%
1.701	1.525	0.17558	-11.513%
1.135	1.525	0.39029	25.593%
1.116	1.525	0.40872	26.801%
1.134	1.525	0.39087	25.631%
1.093	1.525	0.43169	28.307%
1.113	1.525	0.41230	27.036%
1.144	1.525	0.38105	24.987%
1.824	1.525	0.29930	-19.626%
1.103	1.525	0.42196	27.669%
1.115	1.525	0.41007	26.890%
1.707	1.523	0.18444	-12.110%
1.105	1.523	0.41831	27.466%
1.749	1.523	0.22578	-14.825%
1.682	1.523	0.15889	-10.433%
1.668	1.523	0.14524	-9.536%
1.774	1.523	0.25080	-16.468%
1.090	1.523	0.43263	28.406%
1.102	1.523	0.42078	27.628%
1.107	1.523	0.41573	27.296%
1.766	1.523	0.24258	-15.927%
1.785	1.523	0.26231	-17.223%
1.752	1.523	0.22928	-15.054%
1.794	1.523	0.27063	-17.770%
1.788	1.523	0.26473	-17.382%
1.109	1.523	0.41419	27.196%
1.125	1.523	0.39763	26.109%
1.124	1.523	0.39888	26.190%
1.073	1.523	0.45004	29.549%
1.061	1.523	0.46162	30.310%
1.063	1.523	0.46015	30.214%
1.069	1.527	0.45809	29.999%
1.066	1.527	0.46094	30.186%
1.099	1.527	0.42835	28.052%
1.714	1.527	0.18691	-12.240%
1.742	1.527	0.21482	-14.068%
1.110	1.527	0.41676	27.293%
1.111	1.527	0.41553	27.212%
1.050	1.527	0.47721	31.252%
1.046	1.527	0.48079	31.486%
2.127	1.527	0.60027	-39.311%
1.696	1.527	0.16906	-11.071%
1.701	1.527	0.17422	-11.409%
1.067	1.527	0.46016	30.135%
1.084	1.527	0.44267	28.990%
1.084	1.527	0.44347	29.042%
1.082	1.527	0.44547	29.173%
1.075	1.527	0.45172	29.582%
1.078	1.527	0.44917	29.415%
1.076	1.527	0.45092	29.530%
1.078	1.527	0.44915	29.414%
1.073	1.496	0.42270	28.255%
1.071	1.496	0.42547	28.441%
1.107	1.496	0.38851	25.970%
1.109	1.496	0.38656	25.840%
1.788	1.496	0.29212	-19.527%
1.713	1.496	0.21736	-14.530%
1.724	1.496	0.22780	-15.227%
1.695	1.496	0.19937	-13.327%
1.698	1.496	0.20223	-13.518%
1.708	1.496	0.21155	-14.141%
1.700	1.496	0.20409	-13.642%
1.622	1.496	0.12574	-8.405%
1.614	1.496	0.11783	-7.876%
1.656	1.496	0.16021	-10.709%
1.636	1.496	0.13973	-9.340%
1.627	1.496	0.13099	-8.756%
1.607	1.496	0.11052	-7.388%
1.609	1.496	0.11334	-7.576%
1.604	1.496	0.10834	-7.242%
1.608	1.496	0.11152	-7.454%
1.605	1.353	0.25169	-18.602%
1.635	1.353	0.28245	-20.876%
1.557	1.353	0.20425	-15.096%
1.596	1.353	0.24298	-17.959%
1.607	1.353	0.25446	-18.807%
1.592	1.353	0.23855	-17.632%
1.585	1.353	0.23226	-17.166%
1.583	1.353	0.23016	-17.011%
1.583	1.353	0.22959	-16.969%
1.592	1.353	0.23906	-17.669%
1.607	1.353	0.25368	-18.750%
1.607	1.353	0.25387	-18.764%
1.657	1.353	0.30372	-22.448%
1.598	1.353	0.24482	-18.095%
1.589	1.353	0.23576	-17.425%
1.566	1.353	0.21289	-15.734%
1.632	1.353	0.27875	-20.602%
1.634	1.353	0.28070	-20.747%
1.600	1.353	0.24678	-18.239%
1.571	1.353	0.21823	-16.130%
1.585	1.253	0.33171	-26.473%
1.565	1.253	0.31248	-24.939%
1.562	1.253	0.30894	-24.656%
1.560	1.253	0.30665	-24.473%
1.514	1.253	0.26094	-20.826%
1.524	1.253	0.27135	-21.656%
1.529	1.253	0.27644	-22.062%
1.534	1.253	0.28085	-22.414%
1.526	1.253	0.27344	-21.823%
1.526	1.253	0.27296	-21.784%
1.504	1.253	0.25126	-20.052%
1.519	1.253	0.26621	-21.246%
1.507	1.253	0.25378	-20.254%
1.501	1.253	0.24845	-19.829%
1.538	1.253	0.28488	-22.736%
1.514	1.253	0.26108	-20.836%
1.545	1.253	0.29171	-23.281%
1.584	1.253	0.33092	-26.410%
1.550	1.253	0.29714	-23.714%
1.544	1.253	0.29054	-23.187%
1.571	1.213	0.35801	-29.514%
1.572	1.213	0.35890	-29.588%
1.577	1.213	0.36353	-29.970%
1.585	1.213	0.37207	-30.674%
1.581	1.213	0.36844	-30.374%
1.108	1.213	0.10454	8.618%
1.116	1.213	0.09740	8.030%
2.037	1.213	0.82368	-67.905%
1.552	1.213	0.33930	-27.972%
1.563	1.213	0.35006	-28.859%
1.546	1.213	0.33338	-27.484%
1.540	1.213	0.32726	-26.979%
1.537	1.213	0.32367	-26.684%
1.537	1.213	0.32450	-26.752%
1.551	1.213	0.33818	-27.880%
1.554	1.213	0.34150	-28.153%
1.554	1.213	0.34109	-28.119%
1.553	1.213	0.34027	-28.052%
1.540	1.213	0.32704	-26.961%
1.555	1.217	0.33840	-27.806%
1.096	1.217	0.12105	9.946%
1.595	1.217	0.37845	-31.097%
1.604	1.217	0.38725	-31.820%
1.625	1.217	0.40782	-33.510%
2.039	1.220	0.81948	-67.171%
2.041	1.220	0.82084	-67.282%
2.046	1.220	0.82625	-67.725%
2.044	1.220	0.82418	-67.556%
2.044	1.220	0.82407	-67.547%
2.044	1.220	0.82407	-67.547%
2.044	1.220	0.82443	-67.577%
2.044	1.220	0.82449	-67.581%
2.045	1.220	0.82496	-67.620%
2.045	1.220	0.82524	-67.643%
2.042	1.220	0.82221	-67.394%
1.120	1.223	0.10289	8.413%
1.588	1.223	0.36486	-29.833%
1.593	1.223	0.37036	-30.283%
1.587	1.223	0.36429	-29.786%
1.584	1.223	0.36115	-29.530%
1.556	1.223	0.33318	-27.243%
1.075	1.223	0.14768	12.075%
1.519	1.223	0.29567	-24.176%
1.579	1.223	0.35628	-29.131%
1.577	1.223	0.35364	-28.915%
1.584	1.223	0.36149	-29.558%
1.584	1.223	0.36064	-29.488%
1.591	1.223	0.36827	-30.112%
1.515	1.223	0.29249	-23.916%
1.514	1.223	0.29116	-23.807%
1.502	1.223	0.27861	-22.781%
1.492	1.297	0.19548	-15.072%
1.519	1.297	0.22230	-17.140%
1.487	1.297	0.18953	-14.613%
1.527	1.297	0.23048	-17.770%
1.550	1.297	0.25346	-19.542%
1.570	1.297	0.27262	-21.019%
1.579	1.297	0.28209	-21.749%
1.578	1.297	0.28128	-21.687%
1.610	1.297	0.31332	-24.157%
1.597	1.297	0.30025	-23.150%
1.575	1.297	0.27756	-21.401%
1.569	1.297	0.27190	-20.964%
1.573	1.297	0.27592	-21.273%
1.530	1.297	0.23280	-17.949%
1.562	1.297	0.26451	-20.394%
1.520	1.297	0.22320	-17.209%
1.545	1.297	0.24791	-19.114%
1.538	1.297	0.24094	-18.577%
1.552	1.297	0.25509	-19.668%
1.564	1.297	0.26693	-20.581%
1.497	1.396	0.10146	-7.268%
1.504	1.396	0.10768	-7.713%
1.462	1.396	0.06647	-4.761%
1.494	1.396	0.09755	-6.988%
1.502	1.396	0.10627	-7.613%
1.470	1.396	0.07362	-5.273%
1.468	1.396	0.07182	-5.145%
1.475	1.396	0.07932	-5.682%
1.533	1.396	0.13688	-9.805%
1.497	1.396	0.10052	-7.201%
1.495	1.396	0.09936	-7.118%
1.443	1.396	0.04718	-3.379%
1.603	1.396	0.20741	-14.857%
1.578	1.396	0.18158	-13.007%
1.576	1.396	0.18013	-12.903%
1.571	1.396	0.17540	-12.564%
1.585	1.396	0.18948	-13.573%
1.520	1.396	0.12395	-8.879%
1.523	1.396	0.12722	-9.113%
1.487	1.396	0.09112	-6.527%
1.468	1.647	0.17930	10.886%
1.414	1.647	0.23254	14.119%
1.456	1.647	0.19097	11.595%
1.469	1.647	0.17802	10.809%
1.425	1.647	0.22190	13.473%
1.459	1.647	0.18808	11.419%
1.612	1.647	0.03517	2.135%
1.589	1.647	0.05778	3.508%
1.628	1.647	0.01880	1.141%
1.617	1.647	0.03024	1.836%
1.705	1.647	0.05813	-3.529%
1.725	1.647	0.07842	-4.761%
1.681	1.647	0.03372	-2.047%
1.752	1.647	0.10491	-6.370%
1.802	1.647	0.15466	-9.391%
1.576	1.647	0.07067	4.291%
2.170	1.647	0.52329	-31.772%
2.172	1.647	0.52542	-31.902%
2.170	1.647	0.52294	-31.751%
2.177	1.647	0.53009	-32.185%
2.224	1.826	0.39828	-21.812%
2.229	1.826	0.40309	-22.075%
2.244	1.826	0.41810	-22.897%
2.222	1.826	0.39560	-21.665%
2.233	1.826	0.40678	-22.277%
2.244	1.826	0.41790	-22.886%
2.201	1.826	0.37534	-20.556%
2.190	1.826	0.36399	-19.934%
2.183	1.826	0.35699	-19.550%
2.181	1.826	0.35521	-19.453%
2.188	1.826	0.36209	-19.830%
2.189	1.867	0.32175	-17.233%
2.160	1.867	0.29299	-15.693%
2.165	1.867	0.29768	-15.944%
2.180	1.867	0.31257	-16.742%
2.160	1.867	0.29282	-15.684%
2.158	1.867	0.29052	-15.561%
2.168	1.867	0.30053	-16.097%
2.175	1.867	0.30816	-16.506%
2.171	1.867	0.30385	-16.275%
2.165	1.867	0.29846	-15.986%
2.169	1.867	0.30233	-16.193%
2.172	1.867	0.30543	-16.359%
2.173	1.867	0.30577	-16.378%
2.181	1.867	0.31432	-16.836%
2.181	2.077	0.10395	-5.005%
2.172	2.077	0.09505	-4.577%
2.162	2.077	0.08540	-4.112%
2.170	2.077	0.09333	-4.494%
2.164	2.077	0.08678	-4.178%
2.174	2.077	0.09742	-4.691%
2.157	1.993	0.16354	-8.206%
2.162	1.993	0.16921	-8.490%
2.170	1.993	0.17667	-8.864%
2.158	1.993	0.16535	-8.297%
2.186	1.993	0.19263	-9.665%
2.186	1.993	0.19345	-9.706%
